         0   20.0000  100.0000
    0.4645   20.0794   98.9122
    0.9261   20.3125   97.5228
    1.3841   20.6966   95.8385
    1.8374   21.2090   93.9071
    2.2861   21.8540   91.7198
    2.7289   22.6020   89.3382
    3.1651   23.4243   86.8213
    3.5945   24.3209   84.1691
    4.0170   25.2845   81.3969
    4.4315   26.2677   78.6018
    4.8377   27.2665   75.7915
    5.2358   28.2826   72.9632
    5.6251   29.2870   70.1757
    6.0056   30.2673   67.4543
    6.3772   31.2236   64.7982
    6.7400   32.1523   62.2154
    7.0939   33.0375   59.7370
    7.4390   33.8794   57.3632
    7.7753   34.6788   55.0917
    8.1031   35.4336   52.9266
    8.4227   36.1419   50.8709
    8.7340   36.8037   48.9246
    9.0372   37.4209   47.0837
    9.3329   37.9973   45.3396
    9.6213   38.5328   43.6919
    9.9022   39.0273   42.1410
   10.1761   39.4849   40.6780
   10.4436   39.9101   39.2926
   10.7046   40.3030   37.9848
   10.9592   40.6632   36.7553
   11.2078   40.9954   35.5936
   11.4509   41.3037   34.4909
   11.6885   41.5879   33.4471
   11.9206   41.8480   32.4627
   12.1475   42.0864   31.5321
   12.3697   42.3080   30.6446
   12.5873   42.5127   29.8000
   12.8003   42.7006   28.9983
   13.0086   42.8714   28.2400
   13.2128   43.0297   27.5149
   13.4131   43.1767   26.8202
   13.6096   43.3125   26.1559
   13.8021   43.4370   25.5219
   13.9907   43.5500   24.9186
   14.1759   43.6549   24.3385
   14.3578   43.7526   23.7793
   14.5364   43.8431   23.2410
   14.7117   43.9264   22.7237
   14.8838   44.0025   22.2275
   15.0526   44.0718   21.7513
   15.2187   44.1367   21.2893
   15.3820   44.1973   20.8416
   15.5425   44.2535   20.4081
   15.7002   44.3054   19.9889
   15.8551   44.3529   19.5840
   16.0073   44.3959   19.1937
   16.1570   44.4361   18.8137
   16.3044   44.4739   18.4434
   16.4494   44.5092   18.0828
   16.5921   44.5420   17.7319
   16.7323   44.5723   17.3908
   16.8702   44.6002   17.0593
   17.0057   44.6253   16.7380
   17.1391   44.6488   16.4243
   17.2704   44.6709   16.1174
   17.3997   44.6917   15.8172
   17.5270   44.7112   15.5236
   17.6523   44.7293   15.2368
   17.7755   44.7462   14.9566
   17.8967   44.7617   14.6832
   18.0158   44.7758   14.4167
   18.1330   44.7887   14.1565
   18.2485   44.8010   13.9010
   18.3622   44.8126   13.6504
   18.4742   44.8236   13.4045
   18.5845   44.8339   13.1634
   18.6930   44.8435   12.9270
   18.7997   44.8525   12.6955
   18.9048   44.8609   12.4687
   19.0081   44.8686   12.2468
   19.1095   44.8755   12.0300
   19.2095   44.8820   11.8171
   19.3079   44.8882   11.6078
   19.4049   44.8941   11.4021
   19.5004   44.8996   11.2000
   19.5944   44.9049   11.0014
   19.6869   44.9099   10.8064
   19.7779   44.9146   10.6149
   19.8675   44.9190   10.4271
   19.9556   44.9231   10.2427
   20.0422   44.9268   10.0620
   20.1272   44.9302    9.8851
   20.2109   44.9334    9.7113
   20.2934   44.9365    9.5403
   20.3746   44.9394    9.3720
   20.4546   44.9422    9.2065
   20.5333   44.9449    9.0437
   20.6107   44.9474    8.8837
   20.6870   44.9498    8.7264
   20.7620   44.9521    8.5719
   20.8357   44.9542    8.4202
   20.9082   44.9562    8.2712
   20.9794   44.9581    8.1250
   21.0494   44.9598    7.9817
   21.1181   44.9613    7.8411
   21.1858   44.9629    7.7026
   21.2525   44.9643    7.5664
   21.3181   44.9657    7.4323
   21.3827   44.9671    7.3004
   21.4463   44.9683    7.1707
   21.5089   44.9696    7.0431
   21.5704   44.9707    6.9178
   21.6309   44.9718    6.7946
   21.6903   44.9729    6.6736
   21.7487   44.9739    6.5547
   21.8061   44.9748    6.4381
   21.8625   44.9757    6.3237
   21.9178   44.9765    6.2115
   21.9722   44.9773    6.1011
   22.0258   44.9780    5.9925
   22.0785   44.9787    5.8855
   22.1304   44.9794    5.7803
   22.1815   44.9801    5.6768
   22.2317   44.9807    5.5751
   22.2811   44.9813    5.4751
   22.3297   44.9819    5.3768
   22.3774   44.9825    5.2803
   22.4243   44.9830    5.1855
   22.4703   44.9835    5.0924
   22.5155   44.9840    5.0010
   22.5598   44.9844    4.9116
   22.6033   44.9848    4.8237
   22.6462   44.9852    4.7372
   22.6883   44.9856    4.6520
   22.7298   44.9860    4.5683
   22.7707   44.9864    4.4859
   22.8108   44.9867    4.4049
   22.8503   44.9871    4.3253
   22.8891   44.9874    4.2470
   22.9272   44.9877    4.1702
   22.9646   44.9880    4.0947
   23.0014   44.9883    4.0206
   23.0375   44.9886    3.9479
   23.0729   44.9889    3.8765
   23.1076   44.9891    3.8067
   23.1417   44.9893    3.7380
   23.1752   44.9896    3.6704
   23.2082   44.9898    3.6039
   23.2407   44.9900    3.5385
   23.2727   44.9902    3.4742
   23.3041   44.9904    3.4110
   23.3349   44.9906    3.3489
   23.3653   44.9908    3.2878
   23.3950   44.9910    3.2279
   23.4243   44.9912    3.1691
   23.4530   44.9913    3.1113
   23.4812   44.9915    3.0547
   23.5088   44.9917    2.9991
   23.5358   44.9918    2.9447
   23.5624   44.9920    2.8912
   23.5886   44.9921    2.8386
   23.6144   44.9922    2.7868
   23.6397   44.9924    2.7359
   23.6646   44.9925    2.6858
   23.6891   44.9926    2.6367
   23.7131   44.9927    2.5883
   23.7367   44.9928    2.5409
   23.7599   44.9930    2.4943
   23.7827   44.9931    2.4485
   23.8050   44.9932    2.4037
   23.8269   44.9933    2.3597
   23.8483   44.9934    2.3166
   23.8694   44.9935    2.2743
   23.8901   44.9936    2.2328
   23.9104   44.9936    2.1919
   23.9304   44.9937    2.1517
   23.9501   44.9938    2.1121
   23.9695   44.9939    2.0733
   23.9885   44.9940    2.0351
   24.0071   44.9940    1.9976
   24.0255   44.9941    1.9608
   24.0435   44.9942    1.9247
   24.0611   44.9943    1.8892
   24.0784   44.9943    1.8545
   24.0954   44.9944    1.8204
   24.1120   44.9945    1.7870
   24.1283   44.9945    1.7543
   24.1444   44.9946    1.7220
   24.1602   44.9946    1.6903
   24.1757   44.9947    1.6592
   24.1910   44.9948    1.6286
   24.2060   44.9948    1.5985
   24.2207   44.9949    1.5689
   24.2351   44.9949    1.5399
   24.2493   44.9950    1.5114
   24.2633   44.9950    1.4835
   24.2769   44.9951    1.4560
   24.2903   44.9951    1.4292
   24.3034   44.9951    1.4028
   24.3163   44.9952    1.3771
   24.3289   44.9952    1.3517
   24.3413   44.9953    1.3268
   24.3536   44.9953    1.3022
   24.3656   44.9953    1.2781
   24.3774   44.9954    1.2545
   24.3890   44.9954    1.2312
   24.4004   44.9955    1.2084
   24.4115   44.9955    1.1859
   24.4225   44.9955    1.1639
   24.4333   44.9956    1.1424
   24.4438   44.9956    1.1212
   24.4541   44.9956    1.1004
   24.4643   44.9957    1.0802
   24.4742   44.9957    1.0602
   24.4840   44.9957    1.0406
   24.4936   44.9957    1.0214
   24.5030   44.9958    1.0024
   24.5123   44.9958    0.9838
   24.5214   44.9958    0.9655
   24.5304   44.9959    0.9476
   24.5391   44.9959    0.9300
   24.5478   44.9959    0.9127
   24.5562   44.9959    0.8957
   24.5645   44.9960    0.8791
   24.5727   44.9960    0.8628
   24.5806   44.9960    0.8468
   24.5884   44.9960    0.8311
   24.5961   44.9960    0.8158
   24.6036   44.9961    0.8006
   24.6110   44.9961    0.7858
   24.6183   44.9961    0.7712
   24.6255   44.9961    0.7568
   24.6325   44.9961    0.7427
   24.6394   44.9962    0.7289
   24.6462   44.9962    0.7153
   24.6528   44.9962    0.7020
   24.6593   44.9962    0.6889
   24.6657   44.9962    0.6761
   24.6720   44.9962    0.6635
   24.6781   44.9963    0.6513
   24.6841   44.9963    0.6392
   24.6900   44.9963    0.6273
   24.6959   44.9963    0.6157
   24.7016   44.9963    0.6042
   24.7072   44.9963    0.5930
   24.7127   44.9964    0.5819
   24.7181   44.9964    0.5710
   24.7234   44.9964    0.5604
   24.7286   44.9964    0.5499
   24.7338   44.9964    0.5397
   24.7388   44.9964    0.5296
   24.7437   44.9964    0.5198
   24.7485   44.9964    0.5101
   24.7532   44.9965    0.5007
   24.7579   44.9965    0.4914
   24.7624   44.9965    0.4822
   24.7669   44.9965    0.4732
   24.7713   44.9965    0.4644
   24.7756   44.9965    0.4557
   24.7799   44.9965    0.4472
   24.7840   44.9965    0.4389
   24.7881   44.9965    0.4307
   24.7921   44.9965    0.4226
   24.7961   44.9966    0.4147
   24.7999   44.9966    0.4070
   24.8037   44.9966    0.3994
   24.8074   44.9966    0.3920
   24.8110   44.9966    0.3848
   24.8146   44.9966    0.3776
   24.8181   44.9966    0.3706
   24.8216   44.9966    0.3636
   24.8249   44.9966    0.3569
   24.8283   44.9966    0.3502
   24.8315   44.9966    0.3436
   24.8347   44.9967    0.3372
   24.8379   44.9967    0.3309
   24.8410   44.9967    0.3247
   24.8440   44.9967    0.3187
   24.8470   44.9967    0.3127
   24.8499   44.9967    0.3069
   24.8527   44.9967    0.3012
   24.8555   44.9967    0.2956
   24.8582   44.9967    0.2901
   24.8609   44.9967    0.2847
   24.8636   44.9967    0.2794
   24.8662   44.9967    0.2741
   24.8688   44.9967    0.2690
   24.8713   44.9967    0.2640
   24.8737   44.9967    0.2590
   24.8762   44.9967    0.2542
   24.8785   44.9968    0.2494
   24.8808   44.9968    0.2448
   24.8831   44.9968    0.2402
   24.8854   44.9968    0.2358
   24.8875   44.9968    0.2314
   24.8897   44.9968    0.2271
   24.8918   44.9968    0.2228
   24.8939   44.9968    0.2187
   24.8959   44.9968    0.2146
         0   20.0000  110.0000
    0.4866   20.0872  108.8524
    0.9702   20.3433  107.3729
    1.4505   20.7659  105.5671
    1.9262   21.3280  103.4916
    2.3972   22.0316  101.1423
    2.8627   22.8511   98.5723
    3.3217   23.7490   95.8586
    3.7741   24.7254   93.0010
    4.2196   25.7692   90.0224
    4.6572   26.8307   87.0241
    5.0869   27.9077   84.0108
    5.5086   28.9985   80.9860
    5.9217   30.0672   78.0221
    6.3263   31.1082   75.1310
    6.7223   32.1227   72.3101
    7.1097   33.0949   69.5907
    7.4886   34.0181   66.9866
    7.8590   34.8926   64.4969
    8.2210   35.7183   62.1213
    8.5751   36.4909   59.8680
    8.9211   37.2103   57.7371
    9.2592   37.8777   55.7262
    9.5900   38.4976   53.8248
    9.9137   39.0705   52.0317
   10.2302   39.5964   50.3467
   10.5399   40.0786   48.7631
   10.8433   40.5235   47.2664
   11.1406   40.9312   45.8564
   11.4316   41.3015   44.5338
   11.7170   41.6396   43.2869
   11.9970   41.9503   42.1053
   12.2718   42.2337   40.9890
   12.5413   42.4895   39.9384
   12.8058   42.7217   38.9449
   13.0659   42.9350   37.9981
   13.3216   43.1295   37.0979
   13.5728   43.3050   36.2444
   13.8196   43.4621   35.4366
   14.0626   43.6064   34.6620
   14.3018   43.7385   33.9196
   14.5372   43.8583   33.2091
   14.7688   43.9658   32.5308
   14.9968   44.0616   31.8833
   15.2215   44.1498   31.2574
   15.4430   44.2307   30.6527
   15.6612   44.3041   30.0694
   15.8763   44.3701   29.5073
   16.0881   44.4284   28.9671
   16.2969   44.4813   28.4435
   16.5030   44.5301   27.9338
   16.7062   44.5748   27.4379
   16.9067   44.6154   26.9559
   17.1043   44.6518   26.4877
   17.2992   44.6841   26.0335
   17.4913   44.7126   25.5922
   17.6810   44.7390   25.1600
   17.8682   44.7634   24.7368
   18.0529   44.7858   24.3226
   18.2351   44.8061   23.9175
   18.4149   44.8244   23.5214
   18.5923   44.8406   23.1343
   18.7671   44.8546   22.7566
   18.9397   44.8674   22.3859
   19.1100   44.8793   22.0213
   19.2782   44.8903   21.6629
   19.4442   44.9005   21.3107
   19.6079   44.9098   20.9646
   19.7695   44.9182   20.6248
   19.9288   44.9257   20.2910
   20.0860   44.9323   19.9635
   20.2409   44.9379   19.6424
   20.3937   44.9431   19.3264
   20.5446   44.9479   19.0150
   20.6936   44.9524   18.7081
   20.8405   44.9566   18.4058
   20.9855   44.9605   18.1081
   21.1285   44.9640   17.8149
   21.2696   44.9672   17.5263
   21.4087   44.9702   17.2423
   21.5458   44.9728   16.9629
   21.6810   44.9750   16.6880
   21.8141   44.9769   16.4179
   21.9454   44.9787   16.1518
   22.0750   44.9803   15.8894
   22.2028   44.9819   15.6306
   22.3290   44.9833   15.3754
   22.4533   44.9847   15.1239
   22.5760   44.9859   14.8761
   22.6969   44.9871   14.6319
   22.8161   44.9882   14.3914
   22.9336   44.9892   14.1545
   23.0493   44.9901   13.9213
   23.1633   44.9908   13.6917
   23.2756   44.9915   13.4658
   23.3860   44.9921   13.2437
   23.4949   44.9926   13.0250
   23.6023   44.9931   12.8092
   23.7082   44.9936   12.5964
   23.8126   44.9941   12.3867
   23.9155   44.9945   12.1800
   24.0170   44.9949   11.9763
   24.1169   44.9952   11.7757
   24.2154   44.9956   11.5780
   24.3124   44.9959   11.3834
   24.4079   44.9962   11.1918
   24.5019   44.9965   11.0032
   24.5945   44.9967   10.8177
   24.6855   44.9969   10.6351
   24.7750   44.9971   10.4558
   24.8631   44.9973   10.2793
   24.9499   44.9974   10.1054
   25.0354   44.9976    9.9340
   25.1198   44.9977    9.7650
   25.2029   44.9979    9.5986
   25.2847   44.9980    9.4346
   25.3653   44.9981    9.2732
   25.4447   44.9982    9.1142
   25.5228   44.9983    8.9577
   25.5997   44.9984    8.8037
   25.6753   44.9985    8.6523
   25.7497   44.9986    8.5033
   25.8229   44.9987    8.3568
   25.8948   44.9988    8.2128
   25.9654   44.9988    8.0715
   26.0349   44.9989    7.9325
   26.1034   44.9989    7.7954
   26.1708   44.9990    7.6604
   26.2372   44.9990    7.5275
   26.3026   44.9991    7.3966
   26.3670   44.9991    7.2677
   26.4304   44.9992    7.1409
   26.4928   44.9992    7.0161
   26.5541   44.9992    6.8933
   26.6144   44.9993    6.7726
   26.6737   44.9993    6.6539
   26.7320   44.9993    6.5373
   26.7893   44.9994    6.4227
   26.8455   44.9994    6.3102
   26.9007   44.9994    6.1998
   26.9550   44.9994    6.0911
   27.0085   44.9995    5.9841
   27.0612   44.9995    5.8787
   27.1130   44.9995    5.7749
   27.1641   44.9995    5.6728
   27.2143   44.9995    5.5723
   27.2637   44.9996    5.4735
   27.3122   44.9996    5.3764
   27.3600   44.9996    5.2809
   27.4069   44.9996    5.1870
   27.4530   44.9996    5.0948
   27.4982   44.9996    5.0042
   27.5427   44.9997    4.9153
   27.5862   44.9997    4.8282
   27.6291   44.9997    4.7425
   27.6712   44.9997    4.6582
   27.7127   44.9997    4.5751
   27.7536   44.9997    4.4934
   27.7938   44.9997    4.4130
   27.8333   44.9997    4.3339
   27.8722   44.9997    4.2562
   27.9104   44.9997    4.1797
   27.9479   44.9997    4.1046
   27.9848   44.9998    4.0309
   28.0210   44.9998    3.9584
   28.0566   44.9998    3.8873
   28.0915   44.9998    3.8174
   28.1257   44.9998    3.7491
   28.1593   44.9998    3.6819
   28.1923   44.9998    3.6157
   28.2249   44.9998    3.5506
   28.2569   44.9998    3.4866
   28.2884   44.9998    3.4236
   28.3193   44.9998    3.3617
   28.3498   44.9998    3.3008
   28.3797   44.9998    3.2410
   28.4091   44.9998    3.1822
   28.4379   44.9998    3.1245
   28.4662   44.9998    3.0678
   28.4940   44.9998    3.0122
   28.5213   44.9998    2.9577
   28.5480   44.9998    2.9043
   28.5743   44.9998    2.8518
   28.6001   44.9999    2.8002
   28.6255   44.9999    2.7493
   28.6505   44.9999    2.6994
   28.6750   44.9999    2.6502
   28.6992   44.9999    2.6019
   28.7229   44.9999    2.5545
   28.7462   44.9999    2.5078
   28.7691   44.9999    2.4620
   28.7916   44.9999    2.4171
   28.8137   44.9999    2.3729
   28.8353   44.9999    2.3296
   28.8565   44.9999    2.2872
   28.8773   44.9999    2.2456
   28.8977   44.9999    2.2048
   28.9178   44.9999    2.1646
   28.9376   44.9999    2.1251
   28.9570   44.9999    2.0862
   28.9761   44.9999    2.0480
   28.9949   44.9999    2.0104
   29.0133   44.9999    1.9735
   29.0315   44.9999    1.9373
   29.0492   44.9999    1.9017
   29.0667   44.9999    1.8668
   29.0838   44.9999    1.8326
   29.1006   44.9999    1.7990
   29.1171   44.9999    1.7660
   29.1332   44.9999    1.7338
   29.1490   44.9999    1.7021
   29.1646   44.9999    1.6709
   29.1800   44.9999    1.6402
   29.1951   44.9999    1.6101
   29.2099   44.9999    1.5804
   29.2244   44.9999    1.5513
   29.2387   44.9999    1.5227
   29.2528   44.9999    1.4946
   29.2665   44.9999    1.4671
   29.2801   44.9999    1.4400
   29.2933   44.9999    1.4135
   29.3063   44.9999    1.3875
   29.3191   44.9999    1.3621
   29.3315   44.9999    1.3371
   29.3438   44.9999    1.3125
   29.3559   44.9999    1.2884
   29.3678   44.9999    1.2646
   29.3795   44.9999    1.2413
   29.3909   44.9999    1.2183
   29.4022   44.9999    1.1958
   29.4132   44.9999    1.1737
   29.4241   44.9999    1.1519
   29.4348   44.9999    1.1306
   29.4452   44.9999    1.1097
   29.4555   44.9999    1.0892
   29.4655   44.9999    1.0691
   29.4753   44.9999    1.0495
   29.4850   44.9999    1.0302
   29.4945   44.9999    1.0112
   29.5038   44.9999    0.9925
   29.5130   44.9999    0.9741
   29.5220   44.9999    0.9561
   29.5309   44.9999    0.9384
   29.5396   44.9999    0.9210
   29.5481   44.9999    0.9039
   29.5565   44.9999    0.8871
   29.5647   44.9999    0.8707
   29.5728   44.9999    0.8545
   29.5807   44.9999    0.8387
   29.5884   44.9999    0.8233
   29.5960   44.9999    0.8081
   29.6035   44.9999    0.7932
   29.6108   44.9999    0.7785
   29.6180   44.9999    0.7641
   29.6251   44.9999    0.7499
   29.6321   44.9999    0.7360
   29.6389   44.9999    0.7223
   29.6456   44.9999    0.7089
   29.6522   44.9999    0.6957
   29.6587   44.9999    0.6828
   29.6650   44.9999    0.6701
   29.6712   44.9999    0.6577
   29.6773   44.9999    0.6455
   29.6833   44.9999    0.6336
   29.6891   44.9999    0.6219
   29.6949   44.9999    0.6103
   29.7005   44.9999    0.5990
   29.7061   44.9999    0.5879
   29.7116   44.9999    0.5770
   29.7169   44.9999    0.5662
   29.7222   44.9999    0.5557
   29.7274   44.9999    0.5453
   29.7325   44.9999    0.5352
   29.7374   44.9999    0.5252
   29.7423   44.9999    0.5155
   29.7471   44.9999    0.5059
   29.7518   44.9999    0.4965
   29.7564   44.9999    0.4874
   29.7609   44.9999    0.4783
   29.7653   44.9999    0.4695
   29.7697   44.9999    0.4607
   29.7740   44.9999    0.4521
   29.7782   44.9999    0.4437
   29.7823   44.9999    0.4355
   29.7864   44.9999    0.4273
   29.7904   44.9999    0.4194
   29.7943   44.9999    0.4116
   29.7981   44.9999    0.4039
   29.8019   44.9999    0.3964
   29.8055   44.9999    0.3890
   29.8091   44.9999    0.3818
   29.8127   44.9999    0.3747
   29.8162   44.9999    0.3678
   29.8196   44.9999    0.3609
   29.8229   44.9999    0.3542
   29.8262   44.9999    0.3476
   29.8295   44.9999    0.3412
   29.8326   44.9999    0.3348
   29.8358   44.9999    0.3286
   29.8388   44.9999    0.3225
         0   20.0000  120.0000
    0.5066   20.0947  118.7974
    1.0103   20.3726  117.2342
    1.5109   20.8319  115.3143
    2.0070   21.4412  113.1037
    2.4984   22.1992  110.6049
    2.9847   23.0866  107.8574
    3.4645   24.0553  104.9604
    3.9379   25.1052  101.9136
    4.4046   26.2227   98.7454
    4.8637   27.3559   95.5609
    5.3151   28.5033   92.3632
    5.7587   29.6586   89.1655
    6.1940   30.7839   86.0442
    6.6211   31.8772   83.0033
    7.0400   32.9375   80.0450
    7.4507   33.9445   77.2095
    7.8532   34.8965   74.5005
    8.2476   35.7948   71.9153
    8.6342   36.6347   69.4622
    9.0132   37.4147   67.1442
    9.3845   38.1352   64.9605
    9.7487   38.8011   62.9004
   10.1061   39.4135   60.9608
   10.4566   39.9726   59.1416
   10.8005   40.4805   57.4379
   11.1384   40.9457   55.8317
   11.4705   41.3687   54.3217
   11.7966   41.7492   52.9085
   12.1172   42.0926   51.5805
   12.4328   42.4052   50.3240
   12.7435   42.6870   49.1390
   13.0491   42.9378   48.0262
   13.3501   43.1628   46.9742
   13.6469   43.3670   45.9723
   13.9394   43.5504   45.0204
   14.2278   43.7130   44.1186
   14.5120   43.8561   43.2638
   14.7926   43.9861   42.4426
   15.0696   44.1031   41.6546
   15.3430   44.2071   40.8997
   15.6128   44.2980   40.1784
   15.8792   44.3779   39.4857
   16.1425   44.4505   38.8139
   16.4026   44.5158   38.1631
   16.6597   44.5737   37.5332
   16.9136   44.6243   36.9242
   17.1644   44.6675   36.3363
   17.4123   44.7064   35.7626
   17.6575   44.7417   35.2017
   17.8999   44.7733   34.6536
   18.1395   44.8013   34.1184
   18.3763   44.8257   33.5960
   18.6104   44.8463   33.0867
   18.8417   44.8640   32.5886
   19.0706   44.8802   32.0985
   19.2968   44.8949   31.6165
   19.5206   44.9081   31.1426
   19.7418   44.9199   30.6767
   19.9605   44.9301   30.2189
   20.1766   44.9389   29.7691
   20.3902   44.9461   29.3275
   20.6013   44.9521   28.8931
   20.8101   44.9577   28.4644
   21.0165   44.9629   28.0412
   21.2206   44.9675   27.6237
   21.4223   44.9718   27.2118
   21.6217   44.9755   26.8055
   21.8188   44.9788   26.4049
   22.0134   44.9816   26.0099
   22.2058   44.9840   25.6205
   22.3957   44.9859   25.2368
   22.5834   44.9873   24.8585
   22.7689   44.9887   24.4848
   22.9522   44.9900   24.1155
   23.1334   44.9912   23.7508
   23.3124   44.9923   23.3906
   23.4892   44.9933   23.0350
   23.6639   44.9942   22.6838
   23.8364   44.9950   22.3372
   24.0067   44.9957   21.9951
   24.1749   44.9963   21.6575
   24.3410   44.9968   21.3244
   24.5048   44.9973   20.9959
   24.6665   44.9976   20.6719
   24.8260   44.9978   20.3524
   24.9835   44.9980   20.0369
   25.1392   44.9982   19.7252
   25.2929   44.9984   19.4174
   25.4446   44.9986   19.1136
   25.5944   44.9988   18.8136
   25.7423   44.9989   18.5175
   25.8883   44.9991   18.2253
   26.0323   44.9992   17.9370
   26.1744   44.9993   17.6526
   26.3146   44.9994   17.3721
   26.4528   44.9995   17.0955
   26.5891   44.9995   16.8228
   26.7234   44.9996   16.5540
   26.8558   44.9996   16.2890
   26.9862   44.9997   16.0283
   27.1148   44.9997   15.7709
   27.2418   44.9997   15.5169
   27.3671   44.9998   15.2663
   27.4907   44.9998   15.0190
   27.6127   44.9998   14.7750
   27.7330   44.9998   14.5344
   27.8516   44.9998   14.2971
   27.9686   44.9999   14.0631
   28.0839   44.9999   13.8325
   28.1975   44.9999   13.6053
   28.3094   44.9999   13.3814
   28.4197   44.9999   13.1608
   28.5283   44.9999   12.9435
   28.6352   44.9999   12.7296
   28.7405   44.9999   12.5191
   28.8440   44.9999   12.3122
   28.9461   44.9999   12.1080
   29.0467   44.9999   11.9067
   29.1460   45.0000   11.7081
   29.2439   45.0000   11.5124
   29.3403   45.0000   11.3194
   29.4354   45.0000   11.1293
   29.5290   45.0000   10.9420
   29.6213   45.0000   10.7575
   29.7121   45.0000   10.5758
   29.8016   45.0000   10.3969
   29.8896   45.0000   10.2208
   29.9763   45.0000   10.0475
   30.0615   45.0000    9.8770
   30.1454   45.0000    9.7093
   30.2277   45.0000    9.5446
   30.3088   45.0000    9.3825
   30.3887   45.0000    9.2227
   30.4674   45.0000    9.0652
   30.5450   45.0000    8.9100
   30.6214   45.0000    8.7572
   30.6967   45.0000    8.6066
   30.7708   45.0000    8.4584
   30.8438   45.0000    8.3125
   30.9156   45.0000    8.1689
   30.9862   45.0000    8.0276
   31.0557   45.0000    7.8886
   31.1241   45.0000    7.7519
   31.1912   45.0000    7.6176
   31.2572   45.0000    7.4855
   31.3220   45.0000    7.3560
   31.3857   45.0000    7.2285
   31.4485   45.0000    7.1030
   31.5104   45.0000    6.9793
   31.5713   45.0000    6.8574
   31.6312   45.0000    6.7375
   31.6903   45.0000    6.6195
   31.7483   45.0000    6.5033
   31.8055   45.0000    6.3890
   31.8617   45.0000    6.2767
   31.9169   45.0000    6.1662
   31.9712   45.0000    6.0575
   32.0246   45.0000    5.9508
   32.0770   45.0000    5.8460
   32.1285   45.0000    5.7430
   32.1789   45.0000    5.6421
   32.2286   45.0000    5.5427
   32.2776   45.0000    5.4448
   32.3258   45.0000    5.3485
   32.3732   45.0000    5.2536
   32.4198   45.0000    5.1603
   32.4657   45.0000    5.0685
   32.5109   45.0000    4.9782
   32.5553   45.0000    4.8895
   32.5989   45.0000    4.8022
   32.6417   45.0000    4.7165
   32.6838   45.0000    4.6323
   32.7252   45.0000    4.5496
   32.7658   45.0000    4.4685
   32.8055   45.0000    4.3890
   32.8446   45.0000    4.3108
   32.8831   45.0000    4.2338
   32.9210   45.0000    4.1580
   32.9583   45.0000    4.0835
   32.9949   45.0000    4.0101
   33.0310   45.0000    3.9380
   33.0664   45.0000    3.8671
   33.1013   45.0000    3.7974
   33.1355   45.0000    3.7289
   33.1692   45.0000    3.6617
   33.2022   45.0000    3.5956
   33.2346   45.0000    3.5308
   33.2664   45.0000    3.4672
   33.2975   45.0000    3.4049
   33.3282   45.0000    3.3437
   33.3583   45.0000    3.2834
   33.3879   45.0000    3.2241
   33.4171   45.0000    3.1658
   33.4458   45.0000    3.1084
   33.4740   45.0000    3.0520
   33.5017   45.0000    2.9966
   33.5289   45.0000    2.9421
   33.5557   45.0000    2.8887
   33.5819   45.0000    2.8361
   33.6077   45.0000    2.7846
   33.6330   45.0000    2.7340
   33.6578   45.0000    2.6843
   33.6821   45.0000    2.6358
   33.7060   45.0000    2.5880
   33.7295   45.0000    2.5410
   33.7526   45.0000    2.4948
   33.7753   45.0000    2.4493
   33.7977   45.0000    2.4046
   33.8197   45.0000    2.3607
   33.8412   45.0000    2.3175
   33.8624   45.0000    2.2751
   33.8833   45.0000    2.2335
   33.9037   45.0000    2.1926
   33.9237   45.0000    2.1525
   33.9434   45.0000    2.1132
   33.9627   45.0000    2.0746
   33.9816   45.0000    2.0369
   34.0001   45.0000    1.9997
   34.0184   45.0000    1.9632
   34.0364   45.0000    1.9273
   34.0540   45.0000    1.8919
   34.0714   45.0000    1.8572
   34.0885   45.0000    1.8231
   34.1052   45.0000    1.7896
   34.1217   45.0000    1.7567
   34.1378   45.0000    1.7243
   34.1537   45.0000    1.6926
   34.1692   45.0000    1.6615
   34.1845   45.0000    1.6310
   34.1994   45.0000    1.6012
   34.2140   45.0000    1.5719
   34.2285   45.0000    1.5431
   34.2426   45.0000    1.5148
   34.2565   45.0000    1.4869
   34.2702   45.0000    1.4595
   34.2837   45.0000    1.4326
   34.2969   45.0000    1.4062
   34.3099   45.0000    1.3802
   34.3226   45.0000    1.3547
   34.3351   45.0000    1.3297
   34.3474   45.0000    1.3052
   34.3594   45.0000    1.2811
   34.3712   45.0000    1.2575
   34.3828   45.0000    1.2345
   34.3941   45.0000    1.2118
   34.4053   45.0000    1.1895
   34.4162   45.0000    1.1676
   34.4270   45.0000    1.1460
   34.4376   45.0000    1.1248
   34.4480   45.0000    1.1040
   34.4582   45.0000    1.0836
   34.4683   45.0000    1.0635
   34.4781   45.0000    1.0438
   34.4878   45.0000    1.0245
   34.4972   45.0000    1.0055
   34.5065   45.0000    0.9869
   34.5156   45.0000    0.9687
   34.5245   45.0000    0.9509
   34.5333   45.0000    0.9334
   34.5419   45.0000    0.9162
   34.5504   45.0000    0.8992
   34.5587   45.0000    0.8826
   34.5669   45.0000    0.8662
   34.5749   45.0000    0.8501
   34.5828   45.0000    0.8343
   34.5906   45.0000    0.8188
   34.5982   45.0000    0.8036
   34.6056   45.0000    0.7887
   34.6129   45.0000    0.7741
   34.6201   45.0000    0.7598
   34.6271   45.0000    0.7458
   34.6340   45.0000    0.7320
   34.6408   45.0000    0.7185
   34.6474   45.0000    0.7052
   34.6539   45.0000    0.6921
   34.6604   45.0000    0.6792
   34.6667   45.0000    0.6666
   34.6729   45.0000    0.6542
   34.6790   45.0000    0.6421
   34.6849   45.0000    0.6301
   34.6908   45.0000    0.6184
   34.6965   45.0000    0.6069
   34.7022   45.0000    0.5957
   34.7077   45.0000    0.5846
   34.7131   45.0000    0.5738
   34.7184   45.0000    0.5632
   34.7236   45.0000    0.5528
   34.7287   45.0000    0.5425
   34.7338   45.0000    0.5324
   34.7387   45.0000    0.5225
   34.7436   45.0000    0.5128
   34.7484   45.0000    0.5032
   34.7531   45.0000    0.4939
   34.7577   45.0000    0.4847
   34.7622   45.0000    0.4757
   34.7666   45.0000    0.4668
   34.7709   45.0000    0.4582
   34.7752   45.0000    0.4497
   34.7793   45.0000    0.4413
         0   20.0000  130.0000
    0.5248   20.1018  128.7466
    1.0470   20.4004  127.1054
    1.5661   20.8948  125.0784
    2.0807   21.5488  122.7409
    2.5909   22.3580  120.1022
    3.0962   23.3090  117.1896
    3.5952   24.3440  114.1217
    4.0880   25.4615  110.9009
    4.5743   26.6466  107.5584
    5.0532   27.8451  104.2034
    5.5247   29.0558  100.8390
    5.9886   30.2670   97.4888
    6.4447   31.4415   94.2275
    6.8929   32.5800   91.0541
    7.3333   33.6753   87.9829
    7.7659   34.7093   85.0496
    8.1906   35.6824   82.2540
    8.6078   36.5947   79.5950
    9.0177   37.4404   77.0837
    9.4203   38.2196   74.7201
    9.8159   38.9355   72.4972
   10.2050   39.5917   70.4066
   10.5876   40.1883   68.4483
   10.9638   40.7259   66.6207
   11.3342   41.2141   64.9034
   11.6991   41.6551   63.2915
   12.0584   42.0491   61.7850
   12.4124   42.3992   60.3767
   12.7617   42.7152   59.0461
   13.1063   42.9974   57.7925
   13.4462   43.2455   56.6165
   13.7817   43.4641   55.5084
   14.1133   43.6604   54.4527
   14.4409   43.8343   53.4496
   14.7645   43.9860   52.4990
   15.0842   44.1169   51.5978
   15.4006   44.2341   50.7307
   15.7135   44.3380   49.8969
   16.0231   44.4287   49.0964
   16.3293   44.5060   48.3295
   16.6322   44.5723   47.5910
   16.9321   44.6318   46.8723
   17.2290   44.6843   46.1733
   17.5230   44.7300   45.4941
   17.8139   44.7688   44.8346
   18.1019   44.8006   44.1951
   18.3871   44.8286   43.5687
   18.6695   44.8536   42.9537
   18.9492   44.8757   42.3501
   19.2262   44.8949   41.7579
   19.5004   44.9111   41.1770
   19.7719   44.9244   40.6074
   20.0407   44.9349   40.0489
   20.3069   44.9442   39.4978
   20.5705   44.9527   38.9536
   20.8316   44.9602   38.4165
   21.0901   44.9668   37.8864
   21.3460   44.9724   37.3632
   21.5993   44.9772   36.8471
   21.8500   44.9810   36.3380
   22.0982   44.9838   35.8360
   22.3439   44.9860   35.3403
   22.5871   44.9880   34.8498
   22.8279   44.9898   34.3646
   23.0662   44.9915   33.8846
   23.3021   44.9930   33.4099
   23.5355   44.9943   32.9405
   23.7664   44.9954   32.4763
   23.9949   44.9964   32.0175
   24.2209   44.9972   31.5638
   24.4445   44.9978   31.1155
   24.6656   44.9982   30.6724
   24.8843   44.9985   30.2346
   25.1005   44.9987   29.8016
   25.3145   44.9988   29.3732
   25.5262   44.9990   28.9495
   25.7356   44.9992   28.5305
   25.9427   44.9993   28.1160
   26.1475   44.9994   27.7062
   26.3499   44.9995   27.3011
   26.5501   44.9996   26.9005
   26.7480   44.9997   26.5046
   26.9435   44.9998   26.1134
   27.1368   44.9999   25.7267
   27.3277   44.9999   25.3448
   27.5163   45.0000   24.9674
   27.7027   45.0000   24.5947
   27.8867   45.0000   24.2266
   28.0683   45.0000   23.8633
   28.2478   45.0000   23.5043
   28.4253   45.0000   23.1495
   28.6006   45.0000   22.7988
   28.7739   45.0000   22.4523
   28.9450   45.0000   22.1099
   29.1142   45.0000   21.7717
   29.2812   45.0000   21.4376
   29.4462   45.0000   21.1077
   29.6090   45.0000   20.7819
   29.7698   45.0000   20.4603
   29.9286   45.0000   20.1429
   30.0852   45.0000   19.8296
   30.2398   45.0000   19.5204
   30.3923   45.0000   19.2154
   30.5427   45.0000   18.9146
   30.6911   45.0000   18.6179
   30.8372   45.0000   18.3256
   30.9814   45.0000   18.0371
   31.1238   45.0000   17.7523
   31.2645   45.0000   17.4711
   31.4033   45.0000   17.1935
   31.5403   45.0000   16.9194
   31.6755   45.0000   16.6490
   31.8089   45.0000   16.3822
   31.9405   45.0000   16.1190
   32.0703   45.0000   15.8594
   32.1983   45.0000   15.6034
   32.3245   45.0000   15.3510
   32.4489   45.0000   15.1022
   32.5715   45.0000   14.8570
   32.6923   45.0000   14.6155
   32.8113   45.0000   14.3775
   32.9284   45.0000   14.1432
   33.0437   45.0000   13.9126
   33.1574   45.0000   13.6852
   33.2696   45.0000   13.4607
   33.3803   45.0000   13.2393
   33.4895   45.0000   13.0210
   33.5971   45.0000   12.8057
   33.7033   45.0000   12.5935
   33.8079   45.0000   12.3843
   33.9109   45.0000   12.1782
   34.0125   45.0000   11.9751
   34.1125   45.0000   11.7750
   34.2110   45.0000   11.5781
   34.3079   45.0000   11.3841
   34.4034   45.0000   11.1932
   34.4973   45.0000   11.0054
   34.5896   45.0000   10.8208
   34.6804   45.0000   10.6391
   34.7700   45.0000   10.4600
   34.8583   45.0000   10.2834
   34.9453   45.0000   10.1094
   35.0310   45.0000    9.9379
   35.1155   45.0000    9.7689
   35.1988   45.0000    9.6025
   35.2807   45.0000    9.4386
   35.3614   45.0000    9.2772
   35.4408   45.0000    9.1184
   35.5190   45.0000    8.9621
   35.5958   45.0000    8.8083
   35.6715   45.0000    8.6571
   35.7458   45.0000    8.5084
   35.8189   45.0000    8.3623
   35.8906   45.0000    8.2188
   35.9613   45.0000    8.0774
   36.0310   45.0000    7.9381
   36.0996   45.0000    7.8008
   36.1672   45.0000    7.6657
   36.2337   45.0000    7.5326
   36.2992   45.0000    7.4016
   36.3637   45.0000    7.2726
   36.4271   45.0000    7.1457
   36.4895   45.0000    7.0209
   36.5509   45.0000    6.8982
   36.6112   45.0000    6.7776
   36.6705   45.0000    6.6590
   36.7287   45.0000    6.5425
   36.7859   45.0000    6.4282
   36.8420   45.0000    6.3159
   36.8974   45.0000    6.2053
   36.9518   45.0000    6.0963
   37.0055   45.0000    5.9891
   37.0582   45.0000    5.8835
   37.1102   45.0000    5.7796
   37.1613   45.0000    5.6774
   37.2116   45.0000    5.5768
   37.2610   45.0000    5.4780
   37.3096   45.0000    5.3808
   37.3574   45.0000    5.2853
   37.4043   45.0000    5.1915
   37.4503   45.0000    5.0993
   37.4956   45.0000    5.0089
   37.5399   45.0000    4.9203
   37.5835   45.0000    4.8330
   37.6265   45.0000    4.7471
   37.6687   45.0000    4.6625
   37.7103   45.0000    4.5793
   37.7513   45.0000    4.4975
   37.7915   45.0000    4.4169
   37.8311   45.0000    4.3378
   37.8700   45.0000    4.2600
   37.9083   45.0000    4.1835
   37.9458   45.0000    4.1084
   37.9827   45.0000    4.0346
   38.0189   45.0000    3.9622
   38.0545   45.0000    3.8911
   38.0892   45.0000    3.8215
   38.1235   45.0000    3.7530
   38.1572   45.0000    3.6857
   38.1903   45.0000    3.6193
   38.2229   45.0000    3.5541
   38.2550   45.0000    3.4899
   38.2866   45.0000    3.4269
   38.3176   45.0000    3.3648
   38.3480   45.0000    3.3039
   38.3780   45.0000    3.2440
   38.4074   45.0000    3.1853
   38.4362   45.0000    3.1275
   38.4645   45.0000    3.0709
   38.4923   45.0000    3.0154
   38.5195   45.0000    2.9610
   38.5463   45.0000    2.9075
   38.5726   45.0000    2.8549
   38.5985   45.0000    2.8031
   38.6239   45.0000    2.7521
   38.6490   45.0000    2.7021
   38.6736   45.0000    2.6528
   38.6978   45.0000    2.6045
   38.7215   45.0000    2.5570
   38.7449   45.0000    2.5103
   38.7678   45.0000    2.4645
   38.7902   45.0000    2.4195
   38.8123   45.0000    2.3754
   38.8339   45.0000    2.3322
   38.8551   45.0000    2.2898
   38.8759   45.0000    2.2482
   38.8964   45.0000    2.2072
   38.9165   45.0000    2.1669
   38.9363   45.0000    2.1273
   38.9558   45.0000    2.0883
   38.9750   45.0000    2.0501
   38.9938   45.0000    2.0125
   39.0122   45.0000    1.9755
   39.0304   45.0000    1.9393
   39.0482   45.0000    1.9037
   39.0656   45.0000    1.8688
   39.0827   45.0000    1.8345
   39.0995   45.0000    1.8010
   39.1159   45.0000    1.7682
   39.1321   45.0000    1.7358
   39.1480   45.0000    1.7040
   39.1636   45.0000    1.6727
   39.1790   45.0000    1.6420
   39.1941   45.0000    1.6118
   39.2090   45.0000    1.5821
   39.2235   45.0000    1.5529
   39.2379   45.0000    1.5243
   39.2519   45.0000    1.4962
   39.2657   45.0000    1.4686
   39.2792   45.0000    1.4416
   39.2925   45.0000    1.4151
   39.3054   45.0000    1.3892
   39.3182   45.0000    1.3637
   39.3307   45.0000    1.3386
   39.3430   45.0000    1.3140
   39.3551   45.0000    1.2898
   39.3670   45.0000    1.2660
   39.3787   45.0000    1.2426
   39.3902   45.0000    1.2196
   39.4015   45.0000    1.1970
   39.4126   45.0000    1.1749
   39.4234   45.0000    1.1532
   39.4341   45.0000    1.1319
   39.4445   45.0000    1.1110
   39.4547   45.0000    1.0905
   39.4648   45.0000    1.0705
   39.4746   45.0000    1.0508
   39.4843   45.0000    1.0314
   39.4938   45.0000    1.0123
   39.5032   45.0000    0.9936
   39.5124   45.0000    0.9752
   39.5214   45.0000    0.9571
   39.5303   45.0000    0.9394
   39.5390   45.0000    0.9220
   39.5476   45.0000    0.9049
   39.5560   45.0000    0.8881
   39.5642   45.0000    0.8716
   39.5722   45.0000    0.8555
   39.5801   45.0000    0.8398
   39.5879   45.0000    0.8243
   39.5955   45.0000    0.8091
   39.6030   45.0000    0.7941
   39.6103   45.0000    0.7794
   39.6175   45.0000    0.7649
   39.6246   45.0000    0.7507
   39.6316   45.0000    0.7368
   39.6385   45.0000    0.7231
   39.6452   45.0000    0.7096
   39.6518   45.0000    0.6965
   39.6582   45.0000    0.6835
   39.6646   45.0000    0.6709
   39.6708   45.0000    0.6584
   39.6769   45.0000    0.6463
   39.6829   45.0000    0.6343
   39.6887   45.0000    0.6225
   39.6945   45.0000    0.6110
   39.7002   45.0000    0.5997
   39.7057   45.0000    0.5886
   39.7112   45.0000    0.5777
         0   20.0000  140.0000
    0.5416   20.1086  138.6996
    1.0805   20.4267  136.9855
    1.6166   20.9545  134.8578
    2.1484   21.6511  132.4009
    2.6758   22.5096  129.6293
    3.1985   23.5189  126.5653
    3.7152   24.6158  123.3378
    4.2259   25.7956  119.9570
    4.7303   27.0427  116.4540
    5.2276   28.3007  112.9433
    5.7178   29.5688  109.4269
    6.2008   30.8277  105.9431
    6.6762   32.0449  102.5579
    7.1441   33.2215   99.2687
    7.6046   34.3433   96.1042
    8.0577   35.3975   93.0896
    8.5034   36.3853   90.2226
    8.9421   37.3032   87.5093
    9.3740   38.1480   84.9560
    9.7989   38.9204   82.5612
   10.2176   39.6260   80.3127
   10.6302   40.2659   78.2080
   11.0366   40.8398   76.2471
   11.4375   41.3556   74.4140
   11.8331   41.8194   72.6952
   12.2235   42.2312   71.0906
   12.6087   42.5926   69.5974
   12.9895   42.9152   68.1906
   13.3659   43.2011   66.8661
   13.7379   43.4501   65.6239
   14.1057   43.6650   64.4585
   14.4698   43.8560   63.3485
   14.8302   44.0234   62.2928
   15.1868   44.1674   61.2916
   15.5399   44.2887   60.3429
   15.8897   44.3956   59.4295
   16.2363   44.4893   58.5489
   16.5797   44.5698   57.7011
   16.9199   44.6370   56.8861
   17.2571   44.6925   56.1009
   17.5913   44.7416   55.3342
   17.9227   44.7845   54.5856
   18.2513   44.8211   53.8552
   18.5769   44.8516   53.1430
   18.8998   44.8756   52.4494
   19.2199   44.8956   51.7691
   19.5373   44.9133   51.0988
   19.8520   44.9289   50.4382
   20.1641   44.9422   49.7875
   20.4734   44.9532   49.1467
   20.7801   44.9621   48.5156
   21.0842   44.9686   47.8945
   21.3856   44.9736   47.2815
   21.6845   44.9782   46.6746
   21.9808   44.9823   46.0739
   22.2745   44.9858   45.4794
   22.5655   44.9889   44.8911
   22.8540   44.9915   44.3089
   23.1400   44.9936   43.7330
   23.4233   44.9951   43.1632
   23.7040   44.9962   42.5996
   23.9822   44.9968   42.0419
   24.2579   44.9973   41.4894
   24.5312   44.9978   40.9421
   24.8019   44.9982   40.3999
   25.0700   44.9986   39.8628
   25.3357   44.9989   39.3309
   25.5988   44.9992   38.8041
   25.8593   44.9995   38.2824
   26.1174   44.9997   37.7659
   26.3729   44.9999   37.2545
   26.6259   45.0000   36.7483
   26.8763   45.0001   36.2472
   27.1243   45.0001   35.7512
   27.3697   45.0001   35.2604
   27.6126   45.0001   34.7746
   27.8531   45.0001   34.2937
   28.0912   45.0001   33.8175
   28.3269   45.0001   33.3461
   28.5602   45.0001   32.8796
   28.7910   45.0000   32.4178
   29.0195   45.0000   31.9609
   29.2456   45.0000   31.5087
   29.4693   45.0000   31.0613
   29.6906   45.0000   30.6188
   29.9095   45.0000   30.1811
   30.1259   45.0000   29.7481
   30.3400   45.0000   29.3200
   30.5517   45.0000   28.8966
   30.7610   45.0000   28.4781
   30.9678   45.0000   28.0644
   31.1723   45.0000   27.6554
   31.3744   45.0000   27.2513
   31.5740   45.0000   26.8521
   31.7712   45.0000   26.4577
   31.9662   45.0000   26.0676
   32.1591   45.0000   25.6819
   32.3497   45.0000   25.3006
   32.5382   45.0000   24.9236
   32.7245   45.0000   24.5510
   32.9086   45.0000   24.1827
   33.0906   45.0000   23.8188
   33.2704   45.0000   23.4593
   33.4480   45.0000   23.1041
   33.6234   45.0000   22.7533
   33.7966   45.0000   22.4068
   33.9676   45.0000   22.0647
   34.1365   45.0000   21.7270
   34.3032   45.0000   21.3936
   34.4677   45.0000   21.0646
   34.6300   45.0000   20.7399
   34.7901   45.0000   20.4198
   34.9480   45.0000   20.1040
   35.1040   45.0000   19.7921
   35.2580   45.0000   19.4839
   35.4102   45.0000   19.1796
   35.5604   45.0000   18.8791
   35.7088   45.0000   18.5824
   35.8552   45.0000   18.2896
   35.9997   45.0000   18.0005
   36.1424   45.0000   17.7153
   36.2831   45.0000   17.4338
   36.4219   45.0000   17.1562
   36.5588   45.0000   16.8825
   36.6938   45.0000   16.6125
   36.8268   45.0000   16.3463
   36.9580   45.0000   16.0840
   37.0873   45.0000   15.8254
   37.2146   45.0000   15.5709
   37.3400   45.0000   15.3201
   37.4637   45.0000   15.0726
   37.5858   45.0000   14.8283
   37.7063   45.0000   14.5873
   37.8252   45.0000   14.3496
   37.9425   45.0000   14.1151
   38.0581   45.0000   13.8838
   38.1721   45.0000   13.6558
   38.2844   45.0000   13.4311
   38.3952   45.0000   13.2096
   38.5043   45.0000   12.9914
   38.6118   45.0000   12.7764
   38.7177   45.0000   12.5647
   38.8219   45.0000   12.3562
   38.9245   45.0000   12.1510
   39.0254   45.0000   11.9491
   39.1247   45.0000   11.7506
   39.2226   45.0000   11.5547
   39.3192   45.0000   11.3616
   39.4144   45.0000   11.1712
   39.5082   45.0000   10.9835
   39.6007   45.0000   10.7985
   39.6919   45.0000   10.6163
   39.7816   45.0000   10.4368
   39.8700   45.0000   10.2600
   39.9571   45.0000   10.0859
   40.0428   45.0000    9.9145
   40.1271   45.0000    9.7458
   40.2101   45.0000    9.5799
   40.2917   45.0000    9.4167
   40.3719   45.0000    9.2562
   40.4507   45.0000    9.0987
   40.5283   45.0000    8.9434
   40.6048   45.0000    8.7905
   40.6801   45.0000    8.6397
   40.7544   45.0000    8.4912
   40.8275   45.0000    8.3449
   40.8995   45.0000    8.2009
   40.9704   45.0000    8.0591
   41.0402   45.0000    7.9196
   41.1089   45.0000    7.7822
   41.1764   45.0000    7.6472
   41.2428   45.0000    7.5143
   41.3081   45.0000    7.3837
   41.3723   45.0000    7.2553
   41.4354   45.0000    7.1292
   41.4972   45.0000    7.0055
   41.5582   45.0000    6.8837
   41.6182   45.0000    6.7637
   41.6773   45.0000    6.6455
   41.7355   45.0000    6.5291
   41.7927   45.0000    6.4145
   41.8491   45.0000    6.3018
   41.9046   45.0000    6.1909
   41.9591   45.0000    6.0817
   42.0128   45.0000    5.9745
   42.0655   45.0000    5.8690
   42.1173   45.0000    5.7653
   42.1682   45.0000    5.6635
   42.2183   45.0000    5.5635
   42.2673   45.0000    5.4654
   42.3155   45.0000    5.3691
   42.3629   45.0000    5.2742
   42.4096   45.0000    5.1808
   42.4556   45.0000    5.0888
   42.5008   45.0000    4.9983
   42.5453   45.0000    4.9093
   42.5891   45.0000    4.8218
   42.6322   45.0000    4.7357
   42.6745   45.0000    4.6510
   42.7161   45.0000    4.5679
   42.7569   45.0000    4.4862
   42.7970   45.0000    4.4059
   42.8364   45.0000    4.3272
   42.8750   45.0000    4.2499
   42.9129   45.0000    4.1742
   42.9502   45.0000    4.0996
   42.9869   45.0000    4.0262
   43.0230   45.0000    3.9540
   43.0586   45.0000    3.8829
   43.0935   45.0000    3.8130
   43.1279   45.0000    3.7443
   43.1616   45.0000    3.6767
   43.1948   45.0000    3.6103
   43.2274   45.0000    3.5451
   43.2595   45.0000    3.4811
   43.2909   45.0000    3.4182
   43.3217   45.0000    3.3565
   43.3520   45.0000    3.2960
   43.3816   45.0000    3.2367
   43.4108   45.0000    3.1784
   43.4395   45.0000    3.1210
   43.4677   45.0000    3.0645
   43.4955   45.0000    3.0090
   43.5228   45.0000    2.9543
   43.5497   45.0000    2.9006
   43.5761   45.0000    2.8479
   43.6020   45.0000    2.7960
   43.6274   45.0000    2.7451
   43.6524   45.0000    2.6952
   43.6769   45.0000    2.6461
   43.7010   45.0000    2.5980
   43.7246   45.0000    2.5509
   43.7477   45.0000    2.5046
   43.7704   45.0000    2.4592
   43.7928   45.0000    2.4144
   43.8148   45.0000    2.3704
   43.8364   45.0000    2.3271
   43.8577   45.0000    2.2846
   43.8786   45.0000    2.2428
   43.8991   45.0000    2.2017
   43.9193   45.0000    2.1614
   43.9391   45.0000    2.1218
   43.9585   45.0000    2.0830
   43.9776   45.0000    2.0448
   43.9963   45.0000    2.0075
   44.0146   45.0000    1.9709
   44.0325   45.0000    1.9349
   44.0502   45.0000    1.8996
   44.0676   45.0000    1.8648
   44.0847   45.0000    1.8307
   44.1015   45.0000    1.7971
   44.1180   45.0000    1.7640
   44.1342   45.0000    1.7316
   44.1501   45.0000    1.6997
   44.1658   45.0000    1.6684
   44.1811   45.0000    1.6377
   44.1962   45.0000    1.6076
   44.2110   45.0000    1.5781
   44.2255   45.0000    1.5491
   44.2396   45.0000    1.5208
   44.2536   45.0000    1.4929
   44.2673   45.0000    1.4655
   44.2807   45.0000    1.4385
   44.2940   45.0000    1.4121
   44.3070   45.0000    1.3860
   44.3198   45.0000    1.3604
   44.3323   45.0000    1.3353
   44.3447   45.0000    1.3106
   44.3568   45.0000    1.2864
   44.3687   45.0000    1.2627
   44.3803   45.0000    1.2394
   44.3917   45.0000    1.2165
   44.4029   45.0000    1.1942
   44.4139   45.0000    1.1722
   44.4247   45.0000    1.1507
   44.4353   45.0000    1.1295
   44.4457   45.0000    1.1086
   44.4559   45.0000    1.0881
   44.4660   45.0000    1.0680
   44.4759   45.0000    1.0482
   44.4856   45.0000    1.0288
   44.4951   45.0000    1.0097
   44.5045   45.0000    0.9910
   44.5137   45.0000    0.9727
   44.5227   45.0000    0.9547
   44.5315   45.0000    0.9370
   44.5401   45.0000    0.9198
   44.5486   45.0000    0.9028
   44.5569   45.0000    0.8862
   44.5651   45.0000    0.8698
   44.5732   45.0000    0.8537
   44.5811   45.0000    0.8379
   44.5888   45.0000    0.8223
   44.5965   45.0000    0.8070
   44.6040   45.0000    0.7921
   44.6113   45.0000    0.7774
   44.6185   45.0000    0.7629
   44.6256   45.0000    0.7488
   44.6325   45.0000    0.7350 