         0   20.0000  100.0000
    0.4645   20.0794   98.9122
    0.9261   20.3125   97.5228
    1.3841   20.6966   95.8385
    1.8374   21.2090   93.9071
    2.2861   21.8540   91.7198
    2.7289   22.6020   89.3382
    3.1651   23.4243   86.8213
    3.5945   24.3209   84.1691
    4.0170   25.2845   81.3969
    4.4315   26.2677   78.6018
    4.8377   27.2665   75.7915
    5.2358   28.2826   72.9632
    5.6251   29.2870   70.1757
    6.0056   30.2673   67.4543
    6.3772   31.2236   64.7982
    6.7400   32.1523   62.2154
    7.0939   33.0375   59.7370
    7.4390   33.8794   57.3632
    7.7753   34.6788   55.0917
    8.1031   35.4336   52.9266
    8.4227   36.1419   50.8709
    8.7340   36.8037   48.9246
    9.0372   37.4209   47.0837
    9.3329   37.9973   45.3396
    9.6213   38.5328   43.6919
    9.9022   39.0273   42.1410
   10.1761   39.4849   40.6780
   10.4436   39.9101   39.2926
   10.7046   40.3030   37.9848
   10.9592   40.6632   36.7553
   11.2078   40.9954   35.5936
   11.4509   41.3037   34.4909
   11.6885   41.5879   33.4471
   11.9206   41.8480   32.4627
   12.1475   42.0864   31.5321
   12.3697   42.3080   30.6446
   12.5873   42.5127   29.8000
   12.8003   42.7006   28.9983
   13.0086   42.8714   28.2400
   13.2128   43.0297   27.5149
   13.4131   43.1767   26.8202
   13.6096   43.3125   26.1559
   13.8021   43.4370   25.5219
   13.9907   43.5500   24.9186
   14.1759   43.6549   24.3385
   14.3578   43.7526   23.7793
   14.5364   43.8431   23.2410
   14.7117   43.9264   22.7237
   14.8838   44.0025   22.2275
   15.0526   44.0718   21.7513
   15.2187   44.1367   21.2893
   15.3820   44.1973   20.8416
   15.5425   44.2535   20.4081
   15.7002   44.3054   19.9889
   15.8551   44.3529   19.5840
   16.0073   44.3959   19.1937
   16.1570   44.4361   18.8137
   16.3044   44.4739   18.4434
   16.4494   44.5092   18.0828
   16.5921   44.5420   17.7319
   16.7323   44.5723   17.3908
   16.8702   44.6002   17.0593
   17.0057   44.6253   16.7380
   17.1391   44.6488   16.4243
   17.2704   44.6709   16.1174
   17.3997   44.6917   15.8172
   17.5270   44.7112   15.5236
   17.6523   44.7293   15.2368
   17.7755   44.7462   14.9566
   17.8967   44.7617   14.6832
   18.0158   44.7758   14.4167
   18.1330   44.7887   14.1565
   18.2485   44.8010   13.9010
   18.3622   44.8126   13.6504
   18.4742   44.8236   13.4045
   18.5845   44.8339   13.1634
   18.6930   44.8435   12.9270
   18.7997   44.8525   12.6955
   18.9048   44.8609   12.4687
   19.0081   44.8686   12.2468
   19.1095   44.8755   12.0300
   19.2095   44.8820   11.8171
   19.3079   44.8882   11.6078
   19.4049   44.8941   11.4021
   19.5004   44.8996   11.2000
   19.5944   44.9049   11.0014
   19.6869   44.9099   10.8064
   19.7779   44.9146   10.6149
   19.8675   44.9190   10.4271
   19.9556   44.9231   10.2427
   20.0422   44.9268   10.0620
   20.1272   44.9302    9.8851
   20.2109   44.9334    9.7113
   20.2934   44.9365    9.5403
   20.3746   44.9394    9.3720
   20.4546   44.9422    9.2065
   20.5333   44.9449    9.0437
   20.6107   44.9474    8.8837
   20.6870   44.9498    8.7264
   20.7620   44.9521    8.5719
   20.8357   44.9542    8.4202
   20.9082   44.9562    8.2712
   20.9794   44.9581    8.1250
   21.0494   44.9598    7.9817
   21.1181   44.9613    7.8411
   21.1858   44.9629    7.7026
   21.2525   44.9643    7.5664
   21.3181   44.9657    7.4323
   21.3827   44.9671    7.3004
   21.4463   44.9683    7.1707
   21.5089   44.9696    7.0431
   21.5704   44.9707    6.9178
   21.6309   44.9718    6.7946
   21.6903   44.9729    6.6736
   21.7487   44.9739    6.5547
   21.8061   44.9748    6.4381
   21.8625   44.9757    6.3237
   21.9178   44.9765    6.2115
   21.9722   44.9773    6.1011
   22.0258   44.9780    5.9925
   22.0785   44.9787    5.8855
   22.1304   44.9794    5.7803
   22.1815   44.9801    5.6768
   22.2317   44.9807    5.5751
   22.2811   44.9813    5.4751
   22.3297   44.9819    5.3768
   22.3774   44.9825    5.2803
   22.4243   44.9830    5.1855
   22.4703   44.9835    5.0924
   22.5155   44.9840    5.0010
   22.5598   44.9844    4.9116
   22.6033   44.9848    4.8237
   22.6462   44.9852    4.7372
   22.6883   44.9856    4.6520
   22.7298   44.9860    4.5683
   22.7707   44.9864    4.4859
   22.8108   44.9867    4.4049
   22.8503   44.9871    4.3253
   22.8891   44.9874    4.2470
   22.9272   44.9877    4.1702
   22.9646   44.9880    4.0947
   23.0014   44.9883    4.0206
   23.0375   44.9886    3.9479
   23.0729   44.9889    3.8765
   23.1076   44.9891    3.8067
   23.1417   44.9893    3.7380
   23.1752   44.9896    3.6704
   23.2082   44.9898    3.6039
   23.2407   44.9900    3.5385
   23.2727   44.9902    3.4742
   23.3041   44.9904    3.4110
   23.3349   44.9906    3.3489
   23.3653   44.9908    3.2878
   23.3950   44.9910    3.2279
   23.4243   44.9912    3.1691
   23.4530   44.9913    3.1113
   23.4812   44.9915    3.0547
   23.5088   44.9917    2.9991
   23.5358   44.9918    2.9447
   23.5624   44.9920    2.8912
   23.5886   44.9921    2.8386
   23.6144   44.9922    2.7868
   23.6397   44.9924    2.7359
   23.6646   44.9925    2.6858
   23.6891   44.9926    2.6367
   23.7131   44.9927    2.5883
   23.7367   44.9928    2.5409
   23.7599   44.9930    2.4943
   23.7827   44.9931    2.4485
   23.8050   44.9932    2.4037
   23.8269   44.9933    2.3597
   23.8483   44.9934    2.3166
   23.8694   44.9935    2.2743
   23.8901   44.9936    2.2328
   23.9104   44.9936    2.1919
   23.9304   44.9937    2.1517
   23.9501   44.9938    2.1121
   23.9695   44.9939    2.0733
   23.9885   44.9940    2.0351
   24.0071   44.9940    1.9976
   24.0255   44.9941    1.9608
   24.0435   44.9942    1.9247
   24.0611   44.9943    1.8892
   24.0784   44.9943    1.8545
   24.0954   44.9944    1.8204
   24.1120   44.9945    1.7870
   24.1283   44.9945    1.7543
   24.1444   44.9946    1.7220
   24.1602   44.9946    1.6903
   24.1757   44.9947    1.6592
   24.1910   44.9948    1.6286
   24.2060   44.9948    1.5985
   24.2207   44.9949    1.5689
   24.2351   44.9949    1.5399
   24.2493   44.9950    1.5114
   24.2633   44.9950    1.4835
   24.2769   44.9951    1.4560
   24.2903   44.9951    1.4292
   24.3034   44.9951    1.4028
   24.3163   44.9952    1.3771
   24.3289   44.9952    1.3517
   24.3413   44.9953    1.3268
   24.3536   44.9953    1.3022
   24.3656   44.9953    1.2781
   24.3774   44.9954    1.2545
   24.3890   44.9954    1.2312
   24.4004   44.9955    1.2084
   24.4115   44.9955    1.1859
   24.4225   44.9955    1.1639
   24.4333   44.9956    1.1424
   24.4438   44.9956    1.1212
   24.4541   44.9956    1.1004
   24.4643   44.9957    1.0802
   24.4742   44.9957    1.0602
   24.4840   44.9957    1.0406
   24.4936   44.9957    1.0214
   24.5030   44.9958    1.0024
   24.5123   44.9958    0.9838
   24.5214   44.9958    0.9655
   24.5304   44.9959    0.9476
   24.5391   44.9959    0.9300
   24.5478   44.9959    0.9127
   24.5562   44.9959    0.8957
   24.5645   44.9960    0.8791
   24.5727   44.9960    0.8628
   24.5806   44.9960    0.8468
   24.5884   44.9960    0.8311
   24.5961   44.9960    0.8158
   24.6036   44.9961    0.8006
   24.6110   44.9961    0.7858
   24.6183   44.9961    0.7712
   24.6255   44.9961    0.7568
   24.6325   44.9961    0.7427
   24.6394   44.9962    0.7289
   24.6462   44.9962    0.7153
   24.6528   44.9962    0.7020
   24.6593   44.9962    0.6889
   24.6657   44.9962    0.6761
   24.6720   44.9962    0.6635
   24.6781   44.9963    0.6513
   24.6841   44.9963    0.6392
   24.6900   44.9963    0.6273
   24.6959   44.9963    0.6157
   24.7016   44.9963    0.6042
   24.7072   44.9963    0.5930
   24.7127   44.9964    0.5819
   24.7181   44.9964    0.5710
   24.7234   44.9964    0.5604
   24.7286   44.9964    0.5499
   24.7338   44.9964    0.5397
   24.7388   44.9964    0.5296
   24.7437   44.9964    0.5198
   24.7485   44.9964    0.5101
   24.7532   44.9965    0.5007
   24.7579   44.9965    0.4914
   24.7624   44.9965    0.4822
   24.7669   44.9965    0.4732
   24.7713   44.9965    0.4644
   24.7756   44.9965    0.4557
   24.7799   44.9965    0.4472
   24.7840   44.9965    0.4389
   24.7881   44.9965    0.4307
   24.7921   44.9965    0.4226
   24.7961   44.9966    0.4147
   24.7999   44.9966    0.4070
   24.8037   44.9966    0.3994
   24.8074   44.9966    0.3920
   24.8110   44.9966    0.3848
   24.8146   44.9966    0.3776
   24.8181   44.9966    0.3706
   24.8216   44.9966    0.3636
   24.8249   44.9966    0.3569
   24.8283   44.9966    0.3502
   24.8315   44.9966    0.3436
   24.8347   44.9967    0.3372
   24.8379   44.9967    0.3309
   24.8410   44.9967    0.3247
   24.8440   44.9967    0.3187
   24.8470   44.9967    0.3127
   24.8499   44.9967    0.3069
   24.8527   44.9967    0.3012
   24.8555   44.9967    0.2956
   24.8582   44.9967    0.2901
   24.8609   44.9967    0.2847
   24.8636   44.9967    0.2794
   24.8662   44.9967    0.2741
   24.8688   44.9967    0.2690
   24.8713   44.9967    0.2640
   24.8737   44.9967    0.2590
   24.8762   44.9967    0.2542
   24.8785   44.9968    0.2494
   24.8808   44.9968    0.2448
   24.8831   44.9968    0.2402
   24.8854   44.9968    0.2358
   24.8875   44.9968    0.2314
   24.8897   44.9968    0.2271
   24.8918   44.9968    0.2228
   24.8939   44.9968    0.2187
   24.8959   44.9968    0.2146
    1.0000   20.0000  100.0000
    1.4637   20.4150   98.2426
    1.9231   20.9794   96.1949
    2.3769   21.6532   93.9398
    2.8249   22.4365   91.4772
    3.2670   23.3233   88.8193
    3.7017   24.2622   86.0723
    4.1289   25.2486   83.2450
    4.5486   26.2831   80.3365
    4.9600   27.3261   77.4280
    5.3627   28.3640   74.5467
    5.7568   29.3984   71.6896
    6.1421   30.4137   68.8883
    6.5185   31.3923   66.1783
    6.8859   32.3343   63.5596
    7.2444   33.2400   61.0311
    7.5942   34.0981   58.6154
    7.9353   34.9075   56.3144
    8.2677   35.6687   54.1270
    8.5919   36.3835   52.0492
    8.9081   37.0512   50.0814
    9.2163   37.6718   48.2237
    9.5167   38.2466   46.4735
    9.8099   38.7812   44.8177
   10.0961   39.2766   43.2546
   10.3753   39.7325   41.7843
   10.6477   40.1514   40.4019
   10.9140   40.5399   39.0923
   11.1742   40.8982   37.8552
   11.4284   41.2263   36.6907
   11.6767   41.5261   35.5943
   11.9199   41.8041   34.5519
   12.1580   42.0603   33.5634
   12.3909   42.2946   32.6289
   12.6188   42.5075   31.7474
   12.8423   42.7047   30.9061
   13.0614   42.8869   30.1034
   13.2762   43.0542   29.3393
   13.4866   43.2062   28.6144
   13.6929   43.3450   27.9241
   13.8956   43.4740   27.2608
   14.0947   43.5932   26.6243
   14.2901   43.7026   26.0147
   14.4818   43.8022   25.4319
   14.6700   43.8924   24.8751
   14.8551   43.9766   24.3366
   15.0371   44.0547   23.8164
   15.2161   44.1267   23.3144
   15.3919   44.1927   22.8307
   15.5647   44.2525   22.3657
   15.7345   44.3070   21.9170
   15.9017   44.3580   21.4806
   16.0663   44.4055   21.0565
   16.2282   44.4494   20.6447
   16.3875   44.4899   20.2452
   16.5442   44.5268   19.8580
   16.6982   44.5599   19.4837
   16.8499   44.5907   19.1188
   16.9993   44.6196   18.7622
   17.1464   44.6466   18.4139
   17.2913   44.6717   18.0740
   17.4339   44.6948   17.7425
   17.5743   44.7161   17.4193
   17.7124   44.7354   17.1044
   17.8482   44.7527   16.7981
   17.9821   44.7690   16.4978
   18.1140   44.7844   16.2032
   18.2440   44.7988   15.9144
   18.3720   44.8123   15.6315
   18.4980   44.8248   15.3543
   18.6221   44.8364   15.0830
   18.7443   44.8470   14.8175
   18.8644   44.8567   14.5578
   18.9826   44.8653   14.3042
   19.0991   44.8735   14.0548
   19.2140   44.8812   13.8096
   19.3271   44.8886   13.5687
   19.4386   44.8954   13.3320
   19.5483   44.9019   13.0996
   19.6564   44.9079   12.8714
   19.7628   44.9135   12.6474
   19.8675   44.9187   12.4277
   19.9705   44.9234   12.2122
   20.0718   44.9276   12.0013
   20.1715   44.9315   11.7940
   20.2698   44.9353   11.5899
   20.3666   44.9388   11.3891
   20.4620   44.9422   11.1916
   20.5560   44.9454   10.9972
   20.6485   44.9484   10.8062
   20.7396   44.9513   10.6183
   20.8292   44.9539   10.4338
   20.9174   44.9564   10.2525
   21.0041   44.9587   10.0744
   21.0895   44.9608    9.8996
   21.1732   44.9626    9.7283
   21.2557   44.9644    9.5597
   21.3370   44.9661    9.3937
   21.4171   44.9677    9.2303
   21.4960   44.9693    9.0695
   21.5737   44.9707    8.9112
   21.6501   44.9721    8.7555
   21.7254   44.9735    8.6024
   21.7994   44.9747    8.4518
   21.8722   44.9759    8.3038
   21.9438   44.9770    8.1584
   22.0142   44.9780    8.0155
   22.0834   44.9790    7.8753
   22.1513   44.9798    7.7378
   22.2181   44.9806    7.6025
   22.2839   44.9814    7.4693
   22.3488   44.9822    7.3382
   22.4126   44.9829    7.2091
   22.4754   44.9836    7.0821
   22.5372   44.9842    6.9571
   22.5980   44.9848    6.8342
   22.6579   44.9854    6.7134
   22.7167   44.9860    6.5946
   22.7745   44.9865    6.4779
   22.8314   44.9870    6.3632
   22.8872   44.9875    6.2506
   22.9420   44.9880    6.1400
   22.9958   44.9884    6.0317
   23.0487   44.9887    5.9251
   23.1008   44.9891    5.8201
   23.1521   44.9895    5.7168
   23.2026   44.9898    5.6151
   23.2523   44.9902    5.5150
   23.3012   44.9905    5.4166
   23.3493   44.9908    5.3199
   23.3965   44.9911    5.2248
   23.4430   44.9914    5.1313
   23.4886   44.9916    5.0395
   23.5334   44.9919    4.9493
   23.5775   44.9921    4.8608
   23.6206   44.9924    4.7740
   23.6630   44.9926    4.6889
   23.7046   44.9928    4.6052
   23.7457   44.9930    4.5227
   23.7860   44.9931    4.4416
   23.8258   44.9933    4.3618
   23.8648   44.9935    4.2833
   23.9033   44.9937    4.2061
   23.9410   44.9938    4.1303
   23.9781   44.9940    4.0557
   24.0146   44.9942    3.9825
   24.0504   44.9943    3.9106
   24.0856   44.9944    3.8400
   24.1201   44.9946    3.7707
   24.1539   44.9947    3.7027
   24.1871   44.9948    3.6362
   24.2198   44.9949    3.5707
   24.2519   44.9950    3.5062
   24.2835   44.9951    3.4427
   24.3146   44.9952    3.3803
   24.3452   44.9953    3.3190
   24.3752   44.9954    3.2587
   24.4047   44.9955    3.1994
   24.4338   44.9956    3.1412
   24.4623   44.9957    3.0841
   24.4902   44.9958    3.0279
   24.5177   44.9959    2.9729
   24.5446   44.9960    2.9188
   24.5710   44.9960    2.8659
   24.5969   44.9961    2.8140
   24.6224   44.9962    2.7629
   24.6474   44.9962    2.7127
   24.6721   44.9963    2.6632
   24.6963   44.9964    2.6146
   24.7202   44.9964    2.5668
   24.7436   44.9965    2.5199
   24.7666   44.9965    2.4738
   24.7892   44.9966    2.4285
   24.8114   44.9966    2.3840
   24.8331   44.9967    2.3404
   24.8545   44.9967    2.2975
   24.8754   44.9968    2.2555
   24.8959   44.9968    2.2145
   24.9161   44.9969    2.1741
   24.9359   44.9969    2.1344
   24.9554   44.9970    2.0953
   24.9745   44.9970    2.0569
   24.9934   44.9971    2.0192
   25.0119   44.9971    1.9821
   25.0301   44.9971    1.9456
   25.0479   44.9972    1.9098
   25.0655   44.9972    1.8747
   25.0827   44.9972    1.8402
   25.0996   44.9973    1.8063
   25.1161   44.9973    1.7731
   25.1324   44.9973    1.7406
   25.1483   44.9974    1.7088
   25.1639   44.9974    1.6774
   25.1793   44.9974    1.6467
   25.1944   44.9974    1.6164
   25.2092   44.9975    1.5866
   25.2238   44.9975    1.5573
   25.2382   44.9975    1.5286
   25.2523   44.9976    1.5004
   25.2661   44.9976    1.4726
   25.2797   44.9976    1.4454
   25.2930   44.9976    1.4187
   25.3061   44.9976    1.3925
   25.3189   44.9977    1.3669
   25.3314   44.9977    1.3418
   25.3437   44.9977    1.3171
   25.3558   44.9977    1.2929
   25.3677   44.9977    1.2690
   25.3794   44.9978    1.2456
   25.3909   44.9978    1.2226
   25.4022   44.9978    1.1999
   25.4133   44.9978    1.1777
   25.4242   44.9978    1.1559
   25.4349   44.9979    1.1345
   25.4454   44.9979    1.1134
   25.4557   44.9979    1.0928
   25.4658   44.9979    1.0726
   25.4757   44.9979    1.0528
   25.4854   44.9979    1.0334
   25.4949   44.9979    1.0144
   25.5042   44.9980    0.9956
   25.5134   44.9980    0.9772
   25.5225   44.9980    0.9591
   25.5313   44.9980    0.9413
   25.5401   44.9980    0.9238
   25.5486   44.9980    0.9067
   25.5571   44.9980    0.8898
   25.5653   44.9980    0.8733
   25.5734   44.9981    0.8571
   25.5813   44.9981    0.8412
   25.5891   44.9981    0.8256
   25.5967   44.9981    0.8103
   25.6042   44.9981    0.7954
   25.6116   44.9981    0.7807
   25.6188   44.9981    0.7662
   25.6259   44.9981    0.7520
   25.6328   44.9981    0.7380
   25.6397   44.9981    0.7243
   25.6464   44.9982    0.7108
   25.6530   44.9982    0.6976
   25.6595   44.9982    0.6846
   25.6659   44.9982    0.6719
   25.6721   44.9982    0.6594
   25.6782   44.9982    0.6471
   25.6842   44.9982    0.6351
   25.6901   44.9982    0.6234
   25.6958   44.9982    0.6119
   25.7015   44.9982    0.6005
   25.7071   44.9982    0.5894
   25.7126   44.9982    0.5784
   25.7179   44.9983    0.5676
   25.7232   44.9983    0.5570
   25.7284   44.9983    0.5467
   25.7335   44.9983    0.5365
   25.7385   44.9983    0.5265
   25.7434   44.9983    0.5167
   25.7482   44.9983    0.5070
   25.7529   44.9983    0.4976
   25.7575   44.9983    0.4884
   25.7620   44.9983    0.4794
   25.7664   44.9983    0.4705
   25.7708   44.9983    0.4617
   25.7751   44.9983    0.4531
   25.7793   44.9983    0.4447
   25.7835   44.9983    0.4364
   25.7875   44.9983    0.4283
   25.7915   44.9983    0.4203
   25.7954   44.9983    0.4124
   25.7993   44.9984    0.4047
   25.8031   44.9984    0.3972
   25.8067   44.9984    0.3898
   25.8104   44.9984    0.3826
   25.8139   44.9984    0.3755
   25.8174   44.9984    0.3685
   25.8208   44.9984    0.3616
   25.8242   44.9984    0.3549
   25.8275   44.9984    0.3483
   25.8307   44.9984    0.3418
   25.8339   44.9984    0.3354
   25.8370   44.9984    0.3291
   25.8401   44.9984    0.3230
   25.8431   44.9984    0.3170
   25.8461   44.9984    0.3110
   25.8490   44.9984    0.3052
   25.8518   44.9984    0.2996
   25.8546   44.9984    0.2940
   25.8573   44.9984    0.2886
   25.8600   44.9984    0.2832
   25.8626   44.9984    0.2779
   25.8652   44.9984    0.2727
   25.8677   44.9984    0.2676
   25.8702   44.9984    0.2626
   25.8727   44.9984    0.2577
   25.8751   44.9984    0.2529
   25.8775   44.9984    0.2482
   25.8798   44.9984    0.2435
   25.8820   44.9985    0.2390
   25.8843   44.9985    0.2346
   25.8865   44.9985    0.2302
   25.8886   44.9985    0.2259
    2.0000   20.0000  100.0000
    2.4629   20.7454   97.5834
    2.9201   21.6190   94.9217
    3.3702   22.5654   92.1289
    3.8132   23.5843   89.2050
    4.2489   24.6703   86.1618
    4.6762   25.7732   83.1013
    5.0950   26.8867   80.0366
    5.5053   28.0106   76.9682
    5.9066   29.1118   73.9632
    6.2989   30.1822   71.0380
    6.6820   31.2231   68.1898
    7.0560   32.2211   65.4459
    7.4210   33.1684   62.8212
    7.7769   34.0655   60.3153
    8.1240   34.9128   57.9264
    8.4626   35.7065   55.6616
    8.7928   36.4467   53.5210
    9.1145   37.1343   51.5025
    9.4285   37.7742   49.5946
    9.7349   38.3671   47.7960
   10.0337   38.9129   46.1066
   10.3253   39.4151   44.5193
   10.6102   39.8800   43.0196
   10.8886   40.3076   41.6076
   11.1603   40.6977   40.2839
   11.4260   41.0560   39.0360
   11.6860   41.3867   37.8544
   11.9405   41.6899   36.7393
   12.1893   41.9651   35.6912
   12.4329   42.2172   34.6998
   12.6718   42.4499   33.7565
   12.9060   42.6634   32.8614
   13.1353   42.8575   32.0144
   13.3601   43.0332   31.2134
   13.5809   43.1958   30.4466
   13.7977   43.3456   29.7134
   14.0104   43.4826   29.0140
   14.2192   43.6064   28.3488
   14.4242   43.7190   27.7137
   14.6258   43.8234   27.1016
   14.8240   43.9197   26.5125
   15.0189   44.0079   25.9464
   15.2104   44.0880   25.4032
   15.3985   44.1599   24.8832
   15.5837   44.2266   24.3793
   15.7661   44.2885   23.8909
   15.9455   44.3456   23.4178
   16.1221   44.3978   22.9602
   16.2958   44.4452   22.5179
   16.4667   44.4876   22.0914
   16.6349   44.5269   21.6762
   16.8008   44.5636   21.2713
   16.9641   44.5976   20.8767
   17.1250   44.6289   20.4923
   17.2833   44.6576   20.1182
   17.4393   44.6836   19.7543
   17.5927   44.7067   19.4012
   17.7439   44.7282   19.0559
   17.8929   44.7483   18.7176
   18.0398   44.7671   18.3863
   18.1845   44.7845   18.0620
   18.3271   44.8006   17.7446
   18.4676   44.8153   17.4342
   18.6059   44.8287   17.1309
   18.7420   44.8406   16.8348
   18.8761   44.8515   16.5449
   19.0083   44.8617   16.2600
   19.1386   44.8714   15.9800
   19.2671   44.8804   15.7050
   19.3937   44.8889   15.4350
   19.5184   44.8967   15.1699
   19.6412   44.9039   14.9098
   19.7622   44.9105   14.6547
   19.8813   44.9164   14.4046
   19.9984   44.9217   14.1597
   20.1139   44.9266   13.9190
   20.2277   44.9312   13.6821
   20.3400   44.9356   13.4489
   20.4505   44.9397   13.2194
   20.5595   44.9436   12.9937
   20.6668   44.9473   12.7718
   20.7726   44.9507   12.5535
   20.8767   44.9538   12.3391
   20.9791   44.9567   12.1284
   21.0800   44.9593   11.9214
   21.1792   44.9617   11.7183
   21.2768   44.9638   11.5190
   21.3730   44.9658   11.3225
   21.4678   44.9677   11.1290
   21.5612   44.9695   10.9385
   21.6532   44.9713   10.7510
   21.7439   44.9729   10.5664
   21.8332   44.9744   10.3847
   21.9211   44.9759   10.2060
   22.0076   44.9772   10.0303
   22.0927   44.9785    9.8575
   22.1765   44.9797    9.6877
   22.2589   44.9807    9.5208
   22.3398   44.9817    9.3571
   22.4194   44.9826    9.1962
   22.4978   44.9834    9.0377
   22.5751   44.9842    8.8815
   22.6512   44.9850    8.7277
   22.7262   44.9857    8.5763
   22.8000   44.9864    8.4273
   22.8726   44.9870    8.2807
   22.9441   44.9877    8.1364
   23.0145   44.9882    7.9945
   23.0837   44.9888    7.8550
   23.1517   44.9893    7.7179
   23.2186   44.9898    7.5832
   23.2843   44.9902    7.4509
   23.3488   44.9906    7.3211
   23.4123   44.9910    7.1935
   23.4748   44.9914    7.0677
   23.5363   44.9917    6.9439
   23.5970   44.9920    6.8220
   23.6566   44.9924    6.7020
   23.7154   44.9927    6.5840
   23.7731   44.9930    6.4678
   23.8300   44.9932    6.3536
   23.8858   44.9935    6.2413
   23.9408   44.9938    6.1310
   23.9948   44.9940    6.0225
   24.0478   44.9942    5.9160
   24.0999   44.9944    5.8114
   24.1510   44.9946    5.7089
   24.2012   44.9948    5.6081
   24.2506   44.9950    5.5088
   24.2993   44.9951    5.4111
   24.3473   44.9953    5.3149
   24.3944   44.9954    5.2203
   24.4408   44.9956    5.1272
   24.4864   44.9957    5.0357
   24.5313   44.9959    4.9457
   24.5754   44.9960    4.8573
   24.6187   44.9961    4.7704
   24.6613   44.9962    4.6850
   24.7031   44.9963    4.6012
   24.7441   44.9964    4.5189
   24.7843   44.9965    4.4383
   24.8238   44.9966    4.3591
   24.8627   44.9967    4.2811
   24.9010   44.9968    4.2044
   24.9387   44.9969    4.1289
   24.9757   44.9970    4.0546
   25.0121   44.9971    3.9816
   25.0480   44.9971    3.9098
   25.0832   44.9972    3.8392
   25.1178   44.9973    3.7699
   25.1518   44.9973    3.7018
   25.1851   44.9974    3.6349
   25.2179   44.9975    3.5693
   25.2500   44.9975    3.5049
   25.2815   44.9976    3.4418
   25.3125   44.9976    3.3798
   25.3429   44.9977    3.3188
   25.3728   44.9977    3.2588
   25.4023   44.9978    3.1998
   25.4313   44.9978    3.1418
   25.4598   44.9979    3.0847
   25.4878   44.9979    3.0286
   25.5153   44.9980    2.9735
   25.5423   44.9980    2.9194
   25.5689   44.9980    2.8662
   25.5949   44.9981    2.8140
   25.6205   44.9981    2.7629
   25.6455   44.9981    2.7126
   25.6701   44.9982    2.6635
   25.6942   44.9982    2.6152
   25.7179   44.9982    2.5677
   25.7413   44.9983    2.5209
   25.7642   44.9983    2.4749
   25.7868   44.9983    2.4297
   25.8090   44.9984    2.3853
   25.8308   44.9984    2.3416
   25.8522   44.9984    2.2987
   25.8733   44.9984    2.2566
   25.8939   44.9985    2.2153
   25.9142   44.9985    2.1747
   25.9340   44.9985    2.1350
   25.9535   44.9985    2.0960
   25.9726   44.9985    2.0578
   25.9913   44.9986    2.0202
   26.0098   44.9986    1.9833
   26.0279   44.9986    1.9470
   26.0458   44.9986    1.9113
   26.0633   44.9986    1.8762
   26.0805   44.9987    1.8417
   26.0974   44.9987    1.8078
   26.1141   44.9987    1.7745
   26.1304   44.9987    1.7418
   26.1464   44.9987    1.7098
   26.1621   44.9987    1.6783
   26.1775   44.9987    1.6475
   26.1926   44.9988    1.6173
   26.2074   44.9988    1.5877
   26.2219   44.9988    1.5586
   26.2362   44.9988    1.5300
   26.2503   44.9988    1.5018
   26.2641   44.9988    1.4741
   26.2777   44.9988    1.4469
   26.2910   44.9988    1.4202
   26.3042   44.9989    1.3940
   26.3170   44.9989    1.3682
   26.3296   44.9989    1.3429
   26.3420   44.9989    1.3181
   26.3542   44.9989    1.2938
   26.3661   44.9989    1.2700
   26.3777   44.9989    1.2467
   26.3892   44.9989    1.2238
   26.4004   44.9989    1.2012
   26.4115   44.9989    1.1791
   26.4224   44.9990    1.1573
   26.4331   44.9990    1.1359
   26.4436   44.9990    1.1148
   26.4539   44.9990    1.0942
   26.4641   44.9990    1.0739
   26.4740   44.9990    1.0540
   26.4838   44.9990    1.0345
   26.4933   44.9990    1.0153
   26.5027   44.9990    0.9966
   26.5119   44.9990    0.9782
   26.5209   44.9990    0.9602
   26.5297   44.9990    0.9425
   26.5384   44.9990    0.9250
   26.5470   44.9990    0.9079
   26.5554   44.9991    0.8911
   26.5637   44.9991    0.8746
   26.5718   44.9991    0.8583
   26.5797   44.9991    0.8424
   26.5876   44.9991    0.8267
   26.5952   44.9991    0.8114
   26.6028   44.9991    0.7963
   26.6101   44.9991    0.7815
   26.6174   44.9991    0.7671
   26.6244   44.9991    0.7529
   26.6314   44.9991    0.7390
   26.6382   44.9991    0.7253
   26.6449   44.9991    0.7119
   26.6515   44.9991    0.6987
   26.6580   44.9991    0.6857
   26.6644   44.9991    0.6730
   26.6706   44.9991    0.6604
   26.6768   44.9991    0.6481
   26.6828   44.9991    0.6361
   26.6887   44.9991    0.6242
   26.6945   44.9991    0.6126
   26.7002   44.9992    0.6013
   26.7058   44.9992    0.5902
   26.7112   44.9992    0.5792
   26.7166   44.9992    0.5685
   26.7218   44.9992    0.5580
   26.7270   44.9992    0.5476
   26.7321   44.9992    0.5374
   26.7371   44.9992    0.5274
   26.7420   44.9992    0.5176
   26.7468   44.9992    0.5079
   26.7516   44.9992    0.4985
   26.7562   44.9992    0.4892
   26.7608   44.9992    0.4801
   26.7652   44.9992    0.4712
   26.7696   44.9992    0.4624
   26.7739   44.9992    0.4539
   26.7781   44.9992    0.4455
   26.7822   44.9992    0.4372
   26.7863   44.9992    0.4291
   26.7903   44.9992    0.4211
   26.7942   44.9992    0.4132
   26.7980   44.9992    0.4055
   26.8018   44.9992    0.3979
   26.8055   44.9992    0.3905
   26.8092   44.9992    0.3832
   26.8127   44.9992    0.3761
   26.8162   44.9992    0.3691
   26.8197   44.9992    0.3622
   26.8230   44.9992    0.3555
   26.8263   44.9992    0.3489
   26.8295   44.9992    0.3424
   26.8327   44.9992    0.3361
   26.8359   44.9992    0.3298
   26.8389   44.9992    0.3237
   26.8419   44.9992    0.3176
   26.8449   44.9992    0.3117
   26.8478   44.9992    0.3059
   26.8507   44.9992    0.3002
   26.8535   44.9992    0.2946
   26.8562   44.9992    0.2891
   26.8589   44.9992    0.2837
   26.8615   44.9993    0.2784
   26.8641   44.9993    0.2732
   26.8667   44.9993    0.2682
   26.8692   44.9993    0.2632
   26.8716   44.9993    0.2583
   26.8740   44.9993    0.2535
   26.8764   44.9993    0.2487
   26.8787   44.9993    0.2441
   26.8810   44.9993    0.2396
   26.8832   44.9993    0.2351
    3.0000   20.0000  100.0000
    3.4622   21.0702   96.9352
    3.9171   22.2303   93.7052
    4.3636   23.4269   90.4190
    4.8019   24.6610   87.0742
    5.2314   25.9116   83.7139
    5.6517   27.1441   80.4084
    6.0628   28.3597   77.1550
    6.4644   29.5440   73.9831
    6.8566   30.6782   70.9305
    7.2392   31.7630   67.9956
    7.6124   32.7948   65.1855
    7.9765   33.7650   62.5170
    8.3313   34.6737   59.9901
    8.6772   35.5233   57.5991
    9.0146   36.3142   55.3425
    9.3435   37.0462   53.2205
    9.6641   37.7204   51.2310
    9.9770   38.3441   49.3577
   10.2825   38.9188   47.5973
   10.5805   39.4444   45.9500
   10.8715   39.9252   44.4065
   11.1560   40.3684   42.9511
   11.4342   40.7739   41.5838
   11.7058   41.1416   40.3052
   11.9718   41.4783   39.1000
   12.2322   41.7877   37.9601
   12.4873   42.0699   36.8856
   12.7368   42.3246   35.8771
   12.9815   42.5575   34.9218
   13.2217   42.7717   34.0132
   13.4572   42.9673   33.1510
   13.6882   43.1440   32.3357
   13.9148   43.3035   31.5634
   14.1375   43.4509   30.8232
   14.3564   43.5860   30.1151
   14.5715   43.7090   29.4391
   14.7827   43.8195   28.7958
   14.9903   43.9197   28.1801
   15.1946   44.0124   27.5860
   15.3957   44.0976   27.0135
   15.5935   44.1753   26.4625
   15.7880   44.2454   25.9330
   15.9794   44.3080   25.4252
   16.1678   44.3659   24.9325
   16.3535   44.4195   24.4540
   16.5364   44.4688   23.9896
   16.7165   44.5137   23.5396
   16.8938   44.5543   23.1037
   17.0683   44.5903   22.6826
   17.2403   44.6234   22.2725
   17.4099   44.6543   21.8717
   17.5770   44.6828   21.4803
   17.7417   44.7091   21.0984
   17.9040   44.7330   20.7259
   18.0639   44.7547   20.3628
   18.2213   44.7739   20.0094
   18.3765   44.7913   19.6645
   18.5295   44.8076   19.3259
   18.6803   44.8228   18.9938
   18.8291   44.8369   18.6680
   18.9758   44.8499   18.3487
   19.1203   44.8618   18.0359
   19.2627   44.8726   17.7294
   19.4030   44.8824   17.4294
   19.5411   44.8909   17.1362
   19.6773   44.8987   16.8480
   19.8116   44.9062   16.5645
   19.9440   44.9131   16.2857
   20.0746   44.9196   16.0114
   20.2034   44.9257   15.7419
   20.3303   44.9313   15.4769
   20.4553   44.9364   15.2167
   20.5784   44.9411   14.9610
   20.6997   44.9453   14.7100
   20.8191   44.9489   14.4639
   20.9367   44.9523   14.2220
   21.0527   44.9555   13.9837
   21.1671   44.9584   13.7490
   21.2798   44.9613   13.5178
   21.3910   44.9639   13.2902
   21.5005   44.9664   13.0662
   21.6084   44.9687   12.8458
   21.7147   44.9708   12.6290
   21.8193   44.9728   12.4157
   21.9224   44.9746   12.2060
   22.0238   44.9762   11.9999
   22.1235   44.9777   11.7976
   22.2217   44.9789   11.5987
   22.3185   44.9802   11.4026
   22.4140   44.9813   11.2094
   22.5080   44.9825   11.0190
   22.6007   44.9835   10.8316
   22.6920   44.9845   10.6470
   22.7819   44.9854   10.4653
   22.8705   44.9863   10.2865
   22.9576   44.9871   10.1105
   23.0434   44.9879    9.9375
   23.1278   44.9886    9.7673
   23.2108   44.9892    9.6000
   23.2925   44.9898    9.4355
   23.3726   44.9903    9.2742
   23.4516   44.9908    9.1152
   23.5295   44.9912    8.9586
   23.6062   44.9917    8.8043
   23.6817   44.9921    8.6524
   23.7561   44.9925    8.5027
   23.8294   44.9929    8.3555
   23.9015   44.9932    8.2105
   23.9724   44.9936    8.0679
   24.0423   44.9939    7.9277
   24.1109   44.9942    7.7898
   24.1784   44.9945    7.6542
   24.2448   44.9947    7.5210
   24.3100   44.9950    7.3901
   24.3740   44.9952    7.2617
   24.4370   44.9954    7.1353
   24.4990   44.9956    7.0108
   24.5601   44.9958    6.8882
   24.6203   44.9959    6.7675
   24.6795   44.9961    6.6487
   24.7378   44.9963    6.5318
   24.7952   44.9964    6.4168
   24.8516   44.9966    6.3037
   24.9071   44.9967    6.1925
   24.9616   44.9968    6.0831
   25.0152   44.9970    5.9757
   25.0679   44.9971    5.8702
   25.1196   44.9972    5.7665
   25.1703   44.9973    5.6649
   25.2201   44.9974    5.5650
   25.2692   44.9975    5.4667
   25.3175   44.9975    5.3698
   25.3651   44.9976    5.2745
   25.4119   44.9977    5.1807
   25.4580   44.9978    5.0884
   25.5033   44.9979    4.9977
   25.5478   44.9979    4.9085
   25.5916   44.9980    4.8208
   25.6346   44.9981    4.7346
   25.6769   44.9981    4.6499
   25.7184   44.9982    4.5668
   25.7591   44.9982    4.4852
   25.7991   44.9983    4.4053
   25.8383   44.9983    4.3267
   25.8769   44.9984    4.2494
   25.9149   44.9984    4.1733
   25.9523   44.9985    4.0984
   25.9891   44.9985    4.0248
   26.0253   44.9985    3.9523
   26.0609   44.9986    3.8811
   26.0958   44.9986    3.8111
   26.1302   44.9987    3.7423
   26.1639   44.9987    3.6748
   26.1971   44.9987    3.6084
   26.2296   44.9988    3.5433
   26.2615   44.9988    3.4794
   26.2928   44.9988    3.4168
   26.3235   44.9988    3.3553
   26.3537   44.9989    3.2948
   26.3835   44.9989    3.2353
   26.4127   44.9989    3.1767
   26.4415   44.9989    3.1191
   26.4698   44.9990    3.0625
   26.4976   44.9990    3.0069
   26.5249   44.9990    2.9522
   26.5517   44.9990    2.8985
   26.5781   44.9990    2.8457
   26.6040   44.9991    2.7939
   26.6294   44.9991    2.7431
   26.6543   44.9991    2.6933
   26.6786   44.9991    2.6445
   26.7026   44.9991    2.5966
   26.7261   44.9991    2.5494
   26.7493   44.9992    2.5030
   26.7721   44.9992    2.4574
   26.7945   44.9992    2.4125
   26.8166   44.9992    2.3684
   26.8382   44.9992    2.3251
   26.8595   44.9992    2.2825
   26.8804   44.9992    2.2408
   26.9009   44.9993    2.1997
   26.9210   44.9993    2.1595
   26.9407   44.9993    2.1200
   26.9601   44.9993    2.0812
   26.9790   44.9993    2.0433
   26.9977   44.9993    2.0061
   27.0160   44.9993    1.9694
   27.0340   44.9993    1.9334
   27.0517   44.9993    1.8979
   27.0691   44.9993    1.8631
   27.0862   44.9994    1.8288
   27.1030   44.9994    1.7952
   27.1195   44.9994    1.7622
   27.1358   44.9994    1.7297
   27.1517   44.9994    1.6979
   27.1673   44.9994    1.6667
   27.1826   44.9994    1.6361
   27.1975   44.9994    1.6061
   27.2122   44.9994    1.5767
   27.2267   44.9994    1.5478
   27.2409   44.9994    1.5194
   27.2548   44.9994    1.4915
   27.2686   44.9994    1.4640
   27.2821   44.9994    1.4370
   27.2953   44.9994    1.4105
   27.3083   44.9995    1.3844
   27.3211   44.9995    1.3588
   27.3337   44.9995    1.3337
   27.3460   44.9995    1.3091
   27.3580   44.9995    1.2850
   27.3699   44.9995    1.2613
   27.3814   44.9995    1.2381
   27.3928   44.9995    1.2154
   27.4040   44.9995    1.1930
   27.4150   44.9995    1.1710
   27.4258   44.9995    1.1494
   27.4364   44.9995    1.1281
   27.4469   44.9995    1.1073
   27.4571   44.9995    1.0868
   27.4672   44.9995    1.0666
   27.4770   44.9995    1.0469
   27.4867   44.9995    1.0275
   27.4962   44.9995    1.0085
   27.5056   44.9995    0.9898
   27.5147   44.9995    0.9715
   27.5236   44.9995    0.9537
   27.5324   44.9995    0.9361
   27.5411   44.9995    0.9188
   27.5496   44.9995    0.9018
   27.5579   44.9996    0.8851
   27.5661   44.9996    0.8687
   27.5742   44.9996    0.8526
   27.5821   44.9996    0.8367
   27.5898   44.9996    0.8212
   27.5975   44.9996    0.8059
   27.6049   44.9996    0.7910
   27.6123   44.9996    0.7763
   27.6195   44.9996    0.7619
   27.6265   44.9996    0.7479
   27.6334   44.9996    0.7341
   27.6402   44.9996    0.7205
   27.6468   44.9996    0.7072
   27.6534   44.9996    0.6940
   27.6598   44.9996    0.6811
   27.6662   44.9996    0.6685
   27.6724   44.9996    0.6561
   27.6785   44.9996    0.6438
   27.6845   44.9996    0.6319
   27.6903   44.9996    0.6201
   27.6961   44.9996    0.6086
   27.7018   44.9996    0.5973
   27.7073   44.9996    0.5862
   27.7127   44.9996    0.5754
   27.7180   44.9996    0.5648
   27.7232   44.9996    0.5543
   27.7284   44.9996    0.5440
   27.7334   44.9996    0.5339
   27.7384   44.9996    0.5239
   27.7433   44.9996    0.5142
   27.7481   44.9996    0.5046
   27.7528   44.9996    0.4952
   27.7574   44.9996    0.4860
   27.7619   44.9996    0.4769
   27.7663   44.9996    0.4681
   27.7707   44.9996    0.4594
   27.7749   44.9996    0.4509
   27.7791   44.9996    0.4425
   27.7832   44.9996    0.4343
   27.7872   44.9996    0.4263
   27.7912   44.9996    0.4183
   27.7951   44.9996    0.4105
   27.7989   44.9996    0.4029
   27.8027   44.9996    0.3954
   27.8064   44.9996    0.3880
   27.8100   44.9996    0.3808
   27.8135   44.9996    0.3737
   27.8170   44.9996    0.3667
   27.8204   44.9996    0.3599
   27.8238   44.9996    0.3532
   27.8270   44.9996    0.3467
   27.8302   44.9996    0.3402
   27.8334   44.9996    0.3339
   27.8365   44.9996    0.3277
   27.8396   44.9996    0.3216
   27.8426   44.9996    0.3156
   27.8455   44.9996    0.3097
   27.8484   44.9996    0.3039
   27.8512   44.9996    0.2982
   27.8540   44.9996    0.2927
   27.8567   44.9996    0.2872
   27.8594   44.9996    0.2819
   27.8620   44.9996    0.2766
   27.8646   44.9996    0.2715
   27.8671   44.9996    0.2664
   27.8696   44.9996    0.2615
   27.8720   44.9996    0.2566
   27.8744   44.9996    0.2519
   27.8768   44.9997    0.2472
   27.8791   44.9997    0.2426
    4.0000   20.0000  100.0000
    4.4614   21.3897   96.2978
    4.9141   22.8217   92.5285
    5.3572   24.2484   88.7887
    5.7908   25.6712   85.0760
    6.2145   27.0593   81.4523
    6.6282   28.3984   77.9468
    7.0319   29.6882   74.5598
    7.4256   30.9106   71.3277
    7.8093   32.0626   68.2562
    8.1831   33.1460   65.3418
    8.5476   34.1563   62.5922
    8.9026   35.0933   60.0081
    9.2485   35.9594   57.5843
    9.5858   36.7603   55.3078
    9.9146   37.4963   53.1782
   10.2350   38.1682   51.1937
   10.5478   38.7857   49.3330
   10.8532   39.3514   47.5909
   11.1512   39.8649   45.9679
   11.4423   40.3322   44.4510
   11.7271   40.7607   43.0244
   12.0056   41.1504   41.6879
   12.2778   41.5014   40.4416
   12.5445   41.8221   39.2669
   12.8058   42.1152   38.1578
   13.0619   42.3809   37.1144
   13.3126   42.6191   36.1364
   13.5588   42.8370   35.2085
   13.8005   43.0363   34.3265
   14.0377   43.2171   33.4905
   14.2704   43.3789   32.7013
   14.4991   43.5256   31.9506
   14.7240   43.6604   31.2312
   14.9452   43.7834   30.5429
   15.1626   43.8945   29.8859
   15.3762   43.9934   29.2607
   15.5865   44.0835   28.6599
   15.7937   44.1665   28.0797
   15.9976   44.2424   27.5201
   16.1984   44.3111   26.9811
   16.3959   44.3727   26.4628
   16.5904   44.4273   25.9645
   16.7821   44.4780   25.4798
   16.9711   44.5247   25.0084
   17.1573   44.5674   24.5506
   17.3409   44.6061   24.1061
   17.5216   44.6408   23.6751
   17.6997   44.6714   23.2580
   17.8752   44.6994   22.8507
   18.0484   44.7255   22.4522
   18.2192   44.7496   22.0625
   18.3876   44.7716   21.6817
   18.5536   44.7916   21.3096
   18.7172   44.8096   20.9464
   18.8784   44.8255   20.5923
   19.0373   44.8396   20.2463
   19.1940   44.8528   19.9063
   19.3487   44.8651   19.5723
   19.5013   44.8765   19.2444
   19.6517   44.8870   18.9225
   19.8001   44.8966   18.6066
   19.9463   44.9053   18.2968
   20.0904   44.9131   17.9930
   20.2324   44.9199   17.6955
   20.3723   44.9260   17.4035
   20.5104   44.9317   17.1159
   20.6466   44.9370   16.8328
   20.7809   44.9420   16.5541
   20.9134   44.9467   16.2798
   21.0440   44.9510   16.0100
   21.1728   44.9549   15.7446
   21.2997   44.9585   15.4836
   21.4247   44.9617   15.2271
   21.5479   44.9646   14.9750
   21.6691   44.9671   14.7276
   21.7886   44.9694   14.4841
   21.9065   44.9715   14.2440
   22.0227   44.9735   14.0075
   22.1374   44.9754   13.7744
   22.2504   44.9772   13.5448
   22.3618   44.9789   13.3187
   22.4715   44.9804   13.0961
   22.5797   44.9819   12.8769
   22.6862   44.9832   12.6613
   22.7910   44.9844   12.4491
   22.8943   44.9855   12.2405
   22.9959   44.9864   12.0353
   23.0958   44.9872   11.8338
   23.1944   44.9880   11.6352
   23.2915   44.9888   11.4395
   23.3873   44.9895   11.2465
   23.4817   44.9901   11.0564
   23.5747   44.9907   10.8692
   23.6663   44.9913   10.6848
   23.7565   44.9919   10.5032
   23.8453   44.9924   10.3245
   23.9328   44.9929   10.1486
   24.0189   44.9933    9.9756
   24.1036   44.9937    9.8054
   24.1869   44.9941    9.6380
   24.2688   44.9944    9.4736
   24.3492   44.9947    9.3121
   24.4286   44.9950    9.1529
   24.5067   44.9952    8.9961
   24.5837   44.9955    8.8416
   24.6596   44.9957    8.6894
   24.7343   44.9960    8.5395
   24.8079   44.9962    8.3919
   24.8803   44.9964    8.2467
   24.9515   44.9966    8.1038
   25.0216   44.9968    7.9632
   25.0906   44.9969    7.8250
   25.1584   44.9971    7.6891
   25.2250   44.9972    7.5555
   25.2905   44.9973    7.4242
   25.3548   44.9975    7.2955
   25.4180   44.9976    7.1688
   25.4804   44.9977    7.0439
   25.5417   44.9978    6.9210
   25.6022   44.9979    6.7999
   25.6617   44.9980    6.6807
   25.7202   44.9981    6.5634
   25.7778   44.9981    6.4480
   25.8345   44.9982    6.3345
   25.8903   44.9983    6.2229
   25.9450   44.9984    6.1132
   25.9989   44.9984    6.0053
   26.0518   44.9985    5.8994
   26.1038   44.9986    5.7953
   26.1548   44.9986    5.6933
   26.2048   44.9987    5.5930
   26.2541   44.9987    5.4943
   26.3027   44.9987    5.3971
   26.3505   44.9988    5.3014
   26.3975   44.9988    5.2073
   26.4438   44.9989    5.1146
   26.4893   44.9989    5.0235
   26.5341   44.9990    4.9339
   26.5781   44.9990    4.8459
   26.6213   44.9990    4.7593
   26.6638   44.9991    4.6743
   26.7055   44.9991    4.5908
   26.7465   44.9991    4.5088
   26.7867   44.9991    4.4284
   26.8261   44.9992    4.3495
   26.8649   44.9992    4.2719
   26.9030   44.9992    4.1955
   26.9406   44.9992    4.1203
   26.9776   44.9993    4.0463
   27.0139   44.9993    3.9736
   27.0497   44.9993    3.9020
   27.0848   44.9993    3.8317
   27.1194   44.9993    3.7626
   27.1533   44.9994    3.6947
   27.1866   44.9994    3.6280
   27.2193   44.9994    3.5625
   27.2515   44.9994    3.4983
   27.2829   44.9994    3.4353
   27.3138   44.9994    3.3736
   27.3441   44.9994    3.3128
   27.3740   44.9995    3.2530
   27.4034   44.9995    3.1942
   27.4323   44.9995    3.1364
   27.4608   44.9995    3.0795
   27.4887   44.9995    3.0235
   27.5162   44.9995    2.9686
   27.5432   44.9995    2.9146
   27.5697   44.9995    2.8616
   27.5957   44.9995    2.8095
   27.6212   44.9996    2.7584
   27.6463   44.9996    2.7083
   27.6708   44.9996    2.6592
   27.6949   44.9996    2.6111
   27.7186   44.9996    2.5637
   27.7419   44.9996    2.5171
   27.7648   44.9996    2.4712
   27.7873   44.9996    2.4262
   27.8095   44.9996    2.3818
   27.8312   44.9996    2.3383
   27.8526   44.9996    2.2955
   27.8736   44.9996    2.2535
   27.8942   44.9996    2.2122
   27.9145   44.9996    2.1717
   27.9343   44.9996    2.1320
   27.9538   44.9997    2.0931
   27.9729   44.9997    2.0549
   27.9916   44.9997    2.0175
   28.0100   44.9997    1.9807
   28.0281   44.9997    1.9444
   28.0459   44.9997    1.9088
   28.0634   44.9997    1.8738
   28.0806   44.9997    1.8394
   28.0975   44.9997    1.8056
   28.1141   44.9997    1.7724
   28.1304   44.9997    1.7397
   28.1464   44.9997    1.7077
   28.1621   44.9997    1.6763
   28.1775   44.9997    1.6455
   28.1926   44.9997    1.6153
   28.2074   44.9997    1.5858
   28.2219   44.9997    1.5568
   28.2362   44.9997    1.5282
   28.2502   44.9997    1.5001
   28.2640   44.9997    1.4725
   28.2776   44.9997    1.4454
   28.2909   44.9997    1.4187
   28.3040   44.9997    1.3925
   28.3169   44.9997    1.3668
   28.3295   44.9997    1.3416
   28.3419   44.9997    1.3168
   28.3540   44.9997    1.2925
   28.3659   44.9998    1.2687
   28.3776   44.9998    1.2454
   28.3890   44.9998    1.2225
   28.4002   44.9998    1.2000
   28.4113   44.9998    1.1779
   28.4222   44.9998    1.1562
   28.4328   44.9998    1.1348
   28.4433   44.9998    1.1138
   28.4536   44.9998    1.0932
   28.4638   44.9998    1.0729
   28.4737   44.9998    1.0531
   28.4834   44.9998    1.0336
   28.4930   44.9998    1.0144
   28.5024   44.9998    0.9957
   28.5116   44.9998    0.9773
   28.5206   44.9998    0.9593
   28.5294   44.9998    0.9416
   28.5381   44.9998    0.9243
   28.5466   44.9998    0.9072
   28.5550   44.9998    0.8904
   28.5633   44.9998    0.8739
   28.5714   44.9998    0.8577
   28.5793   44.9998    0.8417
   28.5872   44.9998    0.8261
   28.5948   44.9998    0.8108
   28.6023   44.9998    0.7957
   28.6097   44.9998    0.7810
   28.6170   44.9998    0.7665
   28.6240   44.9998    0.7523
   28.6310   44.9998    0.7385
   28.6378   44.9998    0.7248
   28.6445   44.9998    0.7114
   28.6511   44.9998    0.6982
   28.6576   44.9998    0.6853
   28.6639   44.9998    0.6725
   28.6702   44.9998    0.6600
   28.6763   44.9998    0.6477
   28.6823   44.9998    0.6357
   28.6883   44.9998    0.6239
   28.6941   44.9998    0.6123
   28.6997   44.9998    0.6009
   28.7053   44.9998    0.5898
   28.7108   44.9998    0.5789
   28.7161   44.9998    0.5682
   28.7214   44.9998    0.5576
   28.7265   44.9998    0.5473
   28.7316   44.9998    0.5371
   28.7366   44.9998    0.5271
   28.7415   44.9998    0.5173
   28.7463   44.9998    0.5077
   28.7511   44.9998    0.4982
   28.7557   44.9998    0.4889
   28.7603   44.9998    0.4798
   28.7647   44.9998    0.4709
   28.7691   44.9998    0.4622
   28.7734   44.9998    0.4536
   28.7776   44.9998    0.4452
   28.7817   44.9998    0.4370
   28.7857   44.9998    0.4289
   28.7897   44.9998    0.4209
   28.7937   44.9998    0.4130
   28.7975   44.9998    0.4053
   28.8013   44.9998    0.3978
   28.8050   44.9998    0.3904
   28.8086   44.9998    0.3831
   28.8122   44.9998    0.3759
   28.8157   44.9998    0.3689
   28.8191   44.9998    0.3621
   28.8225   44.9998    0.3554
   28.8258   44.9998    0.3488
   28.8290   44.9998    0.3423
   28.8322   44.9998    0.3360
   28.8353   44.9998    0.3297
   28.8384   44.9998    0.3236
   28.8414   44.9998    0.3175
   28.8444   44.9998    0.3116
   28.8473   44.9998    0.3058
   28.8501   44.9998    0.3001
   28.8529   44.9998    0.2945
   28.8557   44.9998    0.2890
   28.8584   44.9998    0.2836
   28.8610   44.9998    0.2783
   28.8636   44.9998    0.2732
   28.8661   44.9998    0.2681
   28.8686   44.9998    0.2631
   28.8711   44.9998    0.2582
   28.8735   44.9998    0.2534
   28.8758   44.9998    0.2487 