         0         0  100.0000
    0.0573    0.0041   99.8685
    0.1146    0.0163   99.7181
    0.1718    0.0367   99.5490
    0.2289    0.0652   99.3612
    0.2860    0.1017   99.1550
    0.3430    0.1462   98.9304
    0.3998    0.1986   98.6873
    0.4566    0.2588   98.4266
    0.5133    0.3267   98.1483
    0.5698    0.4022   97.8524
    0.6262    0.4854   97.5387
    0.6825    0.5762   97.2079
    0.7386    0.6739   96.8611
    0.7946    0.7788   96.4982
    0.8505    0.8907   96.1192
    0.9061    1.0096   95.7241
    0.9617    1.1359   95.3122
    1.0170    1.2686   94.8858
    1.0722    1.4074   94.4456
    1.1272    1.5523   93.9917
    1.1819    1.7033   93.5241
    1.2365    1.8603   93.0428
    1.2909    2.0235   92.5478
    1.3451    2.1932   92.0377
    1.3990    2.3680   91.5162
    1.4528    2.5476   90.9844
    1.5062    2.7319   90.4420
    1.5595    2.9209   89.8892
    1.6125    3.1146   89.3259
    1.6653    3.3131   88.7521
    1.7178    3.5162   88.1679
    1.7701    3.7249   87.5714
    1.8221    3.9372   86.9668
    1.8739    4.1527   86.3556
    1.9253    4.3713   85.7378
    1.9765    4.5929   85.1135
    2.0275    4.8175   84.4827
    2.0781    5.0453   83.8453
    2.1284    5.2761   83.2014
    2.1785    5.5100   82.5509
    2.2283    5.7476   81.8925
    2.2778    5.9880   81.2279
    2.3270    6.2298   80.5609
    2.3759    6.4730   79.8914
    2.4245    6.7175   79.2195
    2.4727    6.9633   78.5451
    2.5207    7.2105   77.8683
    2.5683    7.4590   77.1890
    2.6156    7.7089   76.5072
    2.6626    7.9601   75.8230
    2.7093    8.2126   75.1363
    2.7557    8.4676   74.4446
    2.8018    8.7226   73.7536
    2.8475    8.9774   73.0639
    2.8929    9.2319   72.3752
    2.9380    9.4863   71.6878
    2.9827    9.7405   71.0015
    3.0271    9.9945   70.3163
    3.0712   10.2483   69.6323
    3.1149   10.5019   68.9495
    3.1583   10.7553   68.2679
    3.2014   11.0085   67.5874
    3.2441   11.2619   66.9072
    3.2865   11.5155   66.2272
    3.3286   11.7678   65.5510
    3.3703   12.0187   64.8787
    3.4117   12.2683   64.2101
    3.4528   12.5166   63.5452
    3.4935   12.7636   62.8842
    3.5339   13.0093   62.2270
    3.5739   13.2536   61.5735
    3.6137   13.4966   60.9239
    3.6530   13.7383   60.2780
    3.6921   13.9787   59.6359
    3.7308   14.2178   58.9976
    3.7692   14.4558   58.3624
    3.8072   14.6928   57.7303
    3.8449   14.9279   57.1033
    3.8823   15.1611   56.4815
    3.9194   15.3923   55.8649
    3.9561   15.6216   55.2534
    3.9926   15.8489   54.6472
    4.0287   16.0743   54.0462
    4.0644   16.2978   53.4504
    4.0999   16.5193   52.8598
    4.1350   16.7389   52.2743
    4.1698   16.9566   51.6941
    4.2043   17.1723   51.1191
    4.2385   17.3861   50.5492
    4.2723   17.5979   49.9846
    4.3058   17.8081   49.4245
    4.3390   18.0162   48.8698
    4.3720   18.2223   48.3205
    4.4046   18.4263   47.7767
    4.4369   18.6282   47.2384
    4.4689   18.8280   46.7055
    4.5006   19.0258   46.1782
    4.5320   19.2214   45.6563
    4.5632   19.4150   45.1400
    4.5940   19.6065   44.6291
    4.6245   19.7959   44.1237
    4.6548   19.9832   43.6237
    4.6847   20.1684   43.1293
    4.7144   20.3515   42.6404
    4.7437   20.5325   42.1569
    4.7728   20.7115   41.6788
    4.8015   20.8886   41.2059
    4.8300   21.0636   40.7381
    4.8583   21.2368   40.2754
    4.8863   21.4079   39.8178
    4.9140   21.5772   39.3653
    4.9414   21.7444   38.9178
    4.9686   21.9098   38.4755
    4.9955   22.0731   38.0383
    5.0222   22.2346   37.6062
    5.0486   22.3940   37.1792
    5.0747   22.5515   36.7573
    5.1006   22.7071   36.3405
    5.1262   22.8607   35.9288
    5.1515   23.0124   35.5222
    5.1766   23.1620   35.1209
    5.2014   23.3099   34.7241
    5.2260   23.4561   34.3318
    5.2503   23.6006   33.9439
    5.2745   23.7434   33.5604
    5.2984   23.8846   33.1814
    5.3220   24.0240   32.8069
    5.3455   24.1617   32.4368
    5.3687   24.2977   32.0711
    5.3916   24.4320   31.7099
    5.4144   24.5646   31.3531
    5.4369   24.6955   31.0008
    5.4592   24.8247   30.6530
    5.4812   24.9522   30.3095
    5.5030   25.0779   29.9706
    5.5246   25.2019   29.6363
    5.5460   25.3245   29.3058
    5.5672   25.4456   28.9791
    5.5881   25.5653   28.6561
    5.6089   25.6836   28.3369
    5.6295   25.8004   28.0215
    5.6499   25.9157   27.7098
    5.6700   26.0297   27.4019
    5.6900   26.1422   27.0978
    5.7098   26.2533   26.7974
    5.7294   26.3629   26.5008
    5.7487   26.4711   26.2080
    5.7679   26.5778   25.9189
    5.7869   26.6832   25.6337
    5.7869   26.6832   25.6337
    5.8414   26.7873   25.2755
    5.8957   26.8905   24.9199
    5.9498   26.9927   24.5671
    6.0038   27.0939   24.2171
    6.0574   27.1940   23.8699
    6.1109   27.2932   23.5256
    6.1645   27.3917   23.1826
    6.2177   27.4891   22.8427
    6.2706   27.5854   22.5061
    6.3232   27.6806   22.1727
    6.3755   27.7748   21.8425
    6.4274   27.8679   21.5155
    6.4791   27.9599   21.1918
    6.5304   28.0508   20.8712
    6.5813   28.1406   20.5538
    6.6320   28.2294   20.2397
    6.6823   28.3170   19.9288
    6.7323   28.4036   19.6210
    6.7820   28.4891   19.3165
    6.8313   28.5736   19.0152
    6.8805   28.6570   18.7166
    6.9292   28.7393   18.4215
    6.9775   28.8206   18.1297
    7.0254   28.9008   17.8412
    7.0728   28.9800   17.5560
    7.1199   29.0581   17.2743
    7.1665   29.1352   16.9958
    7.2128   29.2112   16.7207
    7.2586   29.2861   16.4490
    7.3040   29.3600   16.1806
    7.3489   29.4328   15.9155
    7.3935   29.5046   15.6538
    7.4376   29.5753   15.3954
    7.4814   29.6450   15.1404
    7.5247   29.7135   14.8887
    7.5677   29.7812   14.6401
    7.6102   29.8478   14.3947
    7.6522   29.9135   14.1524
    7.6938   29.9783   13.9134
    7.7349   30.0420   13.6776
    7.7756   30.1049   13.4449
    7.8158   30.1668   13.2154
    7.8555   30.2277   12.9892
    7.8949   30.2876   12.7661
    7.9337   30.3466   12.5462
    7.9721   30.4047   12.3294
    8.0101   30.4618   12.1159
    8.0476   30.5179   11.9056
    8.0846   30.5731   11.6985
    8.1213   30.6274   11.4943
    8.1575   30.6808   11.2930
    8.1932   30.7335   11.0945
    8.2285   30.7853   10.8989
    8.2633   30.8363   10.7062
    8.2977   30.8865   10.5163
    8.3317   30.9358   10.3292
    8.3652   30.9844   10.1451
    8.3983   31.0321    9.9637
    8.4309   31.0790    9.7853
    8.4630   31.1251    9.6097
    8.4948   31.1703    9.4369
    8.5260   31.2148    9.2671
    8.5569   31.2583    9.1001
    8.5873   31.3012    8.9357
    8.6173   31.3433    8.7738
    8.6469   31.3848    8.6143
    8.6761   31.4257    8.4573
    8.7049   31.4658    8.3028
    8.7332   31.5052    8.1507
    8.7612   31.5440    8.0010
    8.7887   31.5821    7.8538
    8.8159   31.6195    7.7091
    8.8426   31.6562    7.5668
    8.8689   31.6923    7.4270
    8.8948   31.7276    7.2897
    8.9203   31.7623    7.1549
    8.9454   31.7963    7.0225
    8.9701   31.8297    6.8921
    8.9945   31.8626    6.7639
    9.0184   31.8949    6.6377
    9.0421   31.9266    6.5135
    9.0654   31.9579    6.3914
    9.0883   31.9885    6.2714
    9.1108   32.0186    6.1534
    9.1330   32.0482    6.0375
    9.1548   32.0771    5.9236
    9.1763   32.1056    5.8118
    9.1974   32.1335    5.7020
    9.2182   32.1608    5.5943
    9.2385   32.1876    5.4886
    9.2586   32.2139    5.3848
    9.2783   32.2397    5.2828
    9.2977   32.2651    5.1826
    9.3168   32.2899    5.0842
    9.3355   32.3143    4.9875
    9.3540   32.3383    4.8926
    9.3601   32.3462    4.8611
    9.3601   32.3462    4.8611
    9.3601   32.3462    4.8611
    9.3601   32.3462    4.8611
    9.3601   32.3462    4.8611
    9.3601   32.3462    4.8611
    9.3601   32.3462    4.8611
    9.3601   32.3462    4.8611
    9.3601   32.3462    4.8611
    9.3601   32.3462    4.8611
    9.3601   32.3462    4.8611
    9.3601   32.3462    4.8611
    9.3601   32.3462    4.8611
    9.3601   32.3462    4.8611
    9.3601   32.3462    4.8611
    9.3601   32.3462    4.8611
    9.3601   32.3462    4.8611
    9.3601   32.3462    4.8611
    9.3601   32.3462    4.8611
    9.3601   32.3462    4.8611
    9.3601   32.3462    4.8611
    9.3601   32.3462    4.8611
    9.3601   32.3462    4.8611
    9.3601   32.3462    4.8611
    9.3601   32.3462    4.8611
    9.3601   32.3462    4.8611
    9.3601   32.3462    4.8611
    9.3601   32.3462    4.8611
    9.3601   32.3462    4.8611
    9.3601   32.3462    4.8611
    9.3601   32.3462    4.8611
    9.3601   32.3462    4.8611
    9.3601   32.3462    4.8611
    9.3601   32.3462    4.8611
    9.3601   32.3462    4.8611
    9.3601   32.3462    4.8611
    9.3601   32.3462    4.8611
    9.3601   32.3462    4.8611
    9.3601   32.3462    4.8611
    9.3601   32.3462    4.8611
    9.3601   32.3462    4.8611
    9.3601   32.3462    4.8611
    9.3601   32.3462    4.8611
    9.3601   32.3462    4.8611
    9.3601   32.3462    4.8611
    9.3601   32.3462    4.8611
    9.3601   32.3462    4.8611
    9.3601   32.3462    4.8611
    9.3601   32.3462    4.8611
    9.3601   32.3462    4.8611
    9.3601   32.3462    4.8611
    9.3601   32.3462    4.8611
    9.3601   32.3462    4.8611
         0         0   80.0000
    0.0488    0.0029   79.8895
    0.0975    0.0117   79.7655
    0.1461    0.0262   79.6282
    0.1947    0.0466   79.4775
    0.2432    0.0726   79.3137
    0.2916    0.1044   79.1369
    0.3399    0.1418   78.9470
    0.3882    0.1849   78.7441
    0.4363    0.2334   78.5288
    0.4844    0.2874   78.3011
    0.5323    0.3468   78.0610
    0.5802    0.4117   77.8083
    0.6279    0.4820   77.5433
    0.6754    0.5572   77.2670
    0.7229    0.6375   76.9794
    0.7702    0.7227   76.6806
    0.8174    0.8129   76.3705
    0.8644    0.9081   76.0491
    0.9113    1.0086   75.7156
    0.9580    1.1134   75.3725
    1.0045    1.2224   75.0199
    1.0509    1.3357   74.6577
    1.0971    1.4533   74.2860
    1.1431    1.5751   73.9048
    1.1890    1.7012   73.5140
    1.2346    1.8317   73.1134
    1.2801    1.9667   72.7027
    1.3254    2.1049   72.2850
    1.3705    2.2463   71.8601
    1.4153    2.3910   71.4282
    1.4599    2.5390   70.9891
    1.5044    2.6902   70.5429
    1.5486    2.8447   70.0897
    1.5926    3.0024   69.6293
    1.6363    3.1634   69.1616
    1.6799    3.3284   68.6853
    1.7232    3.4954   68.2048
    1.7663    3.6644   67.7201
    1.8091    3.8354   67.2312
    1.8517    4.0085   66.7380
    1.8940    4.1837   66.2407
    1.9361    4.3609   65.7391
    1.9779    4.5401   65.2333
    2.0195    4.7213   64.7233
    2.0609    4.9046   64.2090
    2.1019    5.0907   63.6890
    2.1428    5.2784   63.1657
    2.1833    5.4668   62.6411
    2.2236    5.6561   62.1153
    2.2636    5.8461   61.5883
    2.3033    6.0369   61.0600
    2.3428    6.2285   60.5304
    2.3820    6.4209   59.9996
    2.4209    6.6141   59.4675
    2.4595    6.8081   58.9342
    2.4978    7.0029   58.3997
    2.5359    7.1984   57.8639
    2.5737    7.3956   57.3250
    2.6113    7.5930   56.7860
    2.6485    7.7902   56.2483
    2.6854    7.9870   55.7119
    2.7221    8.1836   55.1768
    2.7585    8.3798   54.6430
    2.7945    8.5758   54.1105
    2.8303    8.7714   53.5793
    2.8658    8.9668   53.0494
    2.9011    9.1619   52.5209
    2.9360    9.3566   51.9936
    2.9706    9.5511   51.4676
    3.0050    9.7453   50.9429
    3.0390    9.9395   50.4187
    3.0728   10.1338   49.8952
    3.1063   10.3269   49.3747
    3.1395   10.5190   48.8573
    3.1724   10.7101   48.3430
    3.2051   10.9001   47.8318
    3.2374   11.0890   47.3236
    3.2695   11.2769   46.8185
    3.3012   11.4637   46.3164
    3.3327   11.6494   45.8174
    3.3639   11.8341   45.3215
    3.3948   12.0177   44.8287
    3.4255   12.2003   44.3389
    3.4558   12.3818   43.8522
    3.4859   12.5623   43.3686
    3.5156   12.7419   42.8875
    3.5451   12.9205   42.4094
    3.5743   13.0977   41.9353
    3.6033   13.2735   41.4650
    3.6319   13.4478   40.9986
    3.6603   13.6207   40.5361
    3.6885   13.7921   40.0774
    3.7163   13.9622   39.6227
    3.7439   14.1308   39.1718
    3.7712   14.2980   38.7249
    3.7983   14.4638   38.2818
    3.8251   14.6281   37.8426
    3.8516   14.7911   37.4073
    3.8778   14.9526   36.9758
    3.9038   15.1127   36.5483
    3.9295   15.2714   36.1244
    3.9549   15.4288   35.7043
    3.9801   15.5846   35.2883
    4.0051   15.7390   34.8762
    4.0298   15.8919   34.4682
    4.0542   16.0432   34.0641
    4.0784   16.1931   33.6641
    4.1024   16.3415   33.2681
    4.1261   16.4883   32.8761
    4.1496   16.6337   32.4881
    4.1728   16.7776   32.1041
    4.1958   16.9199   31.7241
    4.2185   17.0608   31.3481
    4.2410   17.2002   30.9762
    4.2632   17.3381   30.6082
    4.2852   17.4744   30.2443
    4.3070   17.6094   29.8842
    4.3285   17.7429   29.5278
    4.3498   17.8751   29.1751
    4.3709   18.0058   28.8263
    4.3918   18.1351   28.4811
    4.4125   18.2630   28.1397
    4.4329   18.3894   27.8021
    4.4532   18.5145   27.4682
    4.4732   18.6382   27.1381
    4.4930   18.7604   26.8117
    4.5125   18.8812   26.4890
    4.5319   19.0006   26.1701
    4.5510   19.1186   25.8550
    4.5700   19.2352   25.5436
    4.5886   19.3504   25.2361
    4.6071   19.4642   24.9320
    4.6254   19.5768   24.6313
    4.6436   19.6881   24.3339
    4.6615   19.7981   24.0398
    4.6792   19.9070   23.7490
    4.6968   20.0145   23.4615
    4.7141   20.1208   23.1774
    4.7313   20.2259   22.8966
    4.7483   20.3297   22.6191
    4.7650   20.4322   22.3449
    4.7816   20.5335   22.0740
    4.7980   20.6335   21.8065
    4.8143   20.7323   21.5423
    4.8303   20.8298   21.2814
    4.8461   20.9261   21.0238
    4.8618   21.0212   20.7692
    4.8773   21.1152   20.5177
    4.8926   21.2080   20.2692
    4.8926   21.2080   20.2692
    4.9297   21.2998   19.9767
    4.9667   21.3908   19.6866
    5.0034   21.4808   19.3992
    5.0399   21.5698   19.1145
    5.0761   21.6579   18.8325
    5.1121   21.7451   18.5532
    5.1481   21.8316   18.2756
    5.1837   21.9171   18.0008
    5.2191   22.0016   17.7289
    5.2542   22.0852   17.4599
    5.2890   22.1679   17.1937
    5.3235   22.2495   16.9303
    5.3577   22.3302   16.6699
    5.3917   22.4099   16.4122
    5.4253   22.4887   16.1575
    5.4587   22.5665   15.9056
    5.4918   22.6433   15.6565
    5.5246   22.7192   15.4103
    5.5571   22.7941   15.1670
    5.5893   22.8680   14.9265
    5.6213   22.9410   14.6887
    5.6529   23.0131   14.4537
    5.6843   23.0842   14.2215
    5.7154   23.1544   13.9921
    5.7461   23.2238   13.7655
    5.7765   23.2922   13.5417
    5.8066   23.3596   13.3207
    5.8364   23.4262   13.1026
    5.8659   23.4919   12.8872
    5.8950   23.5566   12.6747
    5.9238   23.6204   12.4649
    5.9523   23.6833   12.2580
    5.9805   23.7453   12.0539
    6.0084   23.8064   11.8526
    6.0360   23.8665   11.6540
    6.0632   23.9257   11.4584
    6.0902   23.9841   11.2653
    6.1168   24.0416   11.0748
    6.1431   24.0984   10.8868
    6.1691   24.1543   10.7014
    6.1948   24.2095   10.5186
    6.2201   24.2638   10.3383
    6.2452   24.3173   10.1606
    6.2699   24.3699    9.9855
    6.2943   24.4218    9.8130
    6.3184   24.4728    9.6430
    6.3422   24.5231    9.4756
    6.3657   24.5725    9.3107
    6.3888   24.6211    9.1484
    6.4116   24.6689    8.9888
    6.4342   24.7158    8.8316
    6.4564   24.7621    8.6767
    6.4783   24.8077    8.5240
    6.5000   24.8526    8.3735
    6.5213   24.8968    8.2253
    6.5424   24.9403    8.0793
    6.5632   24.9831    7.9355
    6.5836   25.0252    7.7940
    6.6038   25.0667    7.6547
    6.6237   25.1074    7.5177
    6.6433   25.1474    7.3829
    6.6626   25.1868    7.2503
    6.6816   25.2254    7.1199
    6.7004   25.2634    6.9919
    6.7188   25.3006    6.8660
    6.7369   25.3373    6.7421
    6.7549   25.3734    6.6201
    6.7725   25.4089    6.4999
    6.7899   25.4438    6.3817
    6.8070   25.4782    6.2653
    6.8239   25.5120    6.1508
    6.8405   25.5452    6.0381
    6.8569   25.5779    5.9274
    6.8730   25.6100    5.8186
    6.8888   25.6415    5.7116
    6.9044   25.6724    5.6065
    6.9198   25.7027    5.5033
    6.9348   25.7325    5.4021
    6.9496   25.7617    5.3026
    6.9642   25.7904    5.2048
    6.9786   25.8187    5.1085
    6.9928   25.8465    5.0137
    7.0067   25.8738    4.9205
    7.0204   25.9007    4.8289
    7.0339   25.9271    4.7388
    7.0472   25.9530    4.6502
    7.0602   25.9784    4.5632
    7.0731   26.0034    4.4778
    7.0857   26.0280    4.3939
    7.0981   26.0520    4.3116
    7.1102   26.0756    4.2308
    7.1222   26.0988    4.1516
    7.1339   26.1215    4.0737
    7.1455   26.1438    3.9972
    7.1569   26.1657    3.9221
    7.1680   26.1872    3.8483
    7.1682   26.1876    3.8471
    7.1682   26.1876    3.8471
    7.1682   26.1876    3.8471
    7.1682   26.1876    3.8471
    7.1682   26.1876    3.8471
    7.1682   26.1876    3.8471
    7.1682   26.1876    3.8471
    7.1682   26.1876    3.8471
    7.1682   26.1876    3.8471
    7.1682   26.1876    3.8471
    7.1682   26.1876    3.8471
    7.1682   26.1876    3.8471
    7.1682   26.1876    3.8471
    7.1682   26.1876    3.8471
    7.1682   26.1876    3.8471
    7.1682   26.1876    3.8471
    7.1682   26.1876    3.8471
    7.1682   26.1876    3.8471
    7.1682   26.1876    3.8471
    7.1682   26.1876    3.8471
    7.1682   26.1876    3.8471
    7.1682   26.1876    3.8471
    7.1682   26.1876    3.8471
    7.1682   26.1876    3.8471
    7.1682   26.1876    3.8471
    7.1682   26.1876    3.8471
    7.1682   26.1876    3.8471
    7.1682   26.1876    3.8471
    7.1682   26.1876    3.8471
    7.1682   26.1876    3.8471
    7.1682   26.1876    3.8471
    7.1682   26.1876    3.8471
    7.1682   26.1876    3.8471
    7.1682   26.1876    3.8471
    7.1682   26.1876    3.8471
    7.1682   26.1876    3.8471
    7.1682   26.1876    3.8471
    7.1682   26.1876    3.8471
    7.1682   26.1876    3.8471
    7.1682   26.1876    3.8471
    7.1682   26.1876    3.8471
    7.1682   26.1876    3.8471
    7.1682   26.1876    3.8471
    7.1682   26.1876    3.8471
    7.1682   26.1876    3.8471
    7.1682   26.1876    3.8471
    7.1682   26.1876    3.8471
    7.1682   26.1876    3.8471
    7.1682   26.1876    3.8471
    7.1682   26.1876    3.8471
    7.1682   26.1876    3.8471
    7.1682   26.1876    3.8471
    7.1682   26.1876    3.8471
         0         0   60.0000
    0.0390    0.0018   59.9127
    0.0780    0.0074   59.8169
    0.1169    0.0166   59.7127
    0.1558    0.0294   59.6001
    0.1946    0.0459   59.4792
    0.2333    0.0659   59.3502
    0.2720    0.0896   59.2130
    0.3106    0.1168   59.0676
    0.3491    0.1475   58.9141
    0.3876    0.1817   58.7529
    0.4259    0.2192   58.5839
    0.4642    0.2602   58.4072
    0.5023    0.3046   58.2228
    0.5404    0.3525   58.0304
    0.5784    0.4036   57.8309
    0.6162    0.4577   57.6244
    0.6540    0.5150   57.4108
    0.6916    0.5754   57.1903
    0.7291    0.6389   56.9628
    0.7665    0.7056   56.7283
    0.8038    0.7756   56.4862
    0.8409    0.8483   56.2380
    0.8779    0.9237   55.9839
    0.9147    1.0018   55.7240
    0.9514    1.0825   55.4582
    0.9880    1.1658   55.1866
    1.0244    1.2518   54.9091
    1.0607    1.3405   54.6258
    1.0968    1.4318   54.3366
    1.1328    1.5262   54.0405
    1.1686    1.6226   53.7401
    1.2043    1.7210   53.4354
    1.2397    1.8214   53.1265
    1.2750    1.9238   52.8133
    1.3101    2.0282   52.4958
    1.3451    2.1345   52.1741
    1.3798    2.2429   51.8481
    1.4144    2.3533   51.5178
    1.4488    2.4657   51.1832
    1.4831    2.5805   50.8433
    1.5172    2.6971   50.4996
    1.5510    2.8150   50.1535
    1.5847    2.9341   49.8049
    1.6181    3.0543   49.4540
    1.6514    3.1758   49.1007
    1.6845    3.2986   48.7450
    1.7173    3.4225   48.3869
    1.7500    3.5476   48.0264
    1.7824    3.6740   47.6635
    1.8147    3.8016   47.2982
    1.8467    3.9303   46.9305
    1.8786    4.0607   46.5596
    1.9102    4.1924   46.1858
    1.9417    4.3246   45.8116
    1.9729    4.4572   45.4369
    2.0039    4.5902   45.0617
    2.0346    4.7236   44.6860
    2.0652    4.8574   44.3098
    2.0955    4.9916   43.9331
    2.1256    5.1263   43.5559
    2.1555    5.2613   43.1782
    2.1852    5.3968   42.8000
    2.2146    5.5326   42.4214
    2.2439    5.6689   42.0422
    2.2729    5.8056   41.6626
    2.3017    5.9431   41.2815
    2.3303    6.0810   40.9000
    2.3586    6.2187   40.5196
    2.3867    6.3561   40.1403
    2.4146    6.4932   39.7620
    2.4423    6.6301   39.3848
    2.4697    6.7667   39.0087
    2.4969    6.9031   38.6336
    2.5239    7.0392   38.2597
    2.5507    7.1751   37.8868
    2.5772    7.3107   37.5149
    2.6036    7.4460   37.1442
    2.6296    7.5811   36.7745
    2.6555    7.7159   36.4059
    2.6811    7.8505   36.0384
    2.7065    7.9851   35.6713
    2.7317    8.1194   35.3056
    2.7567    8.2529   34.9419
    2.7814    8.3858   34.5803
    2.8059    8.5180   34.2207
    2.8302    8.6494   33.8632
    2.8543    8.7802   33.5078
    2.8782    8.9104   33.1545
    2.9018    9.0398   32.8032
    2.9252    9.1685   32.4540
    2.9484    9.2966   32.1069
    2.9714    9.4239   31.7619
    2.9941    9.5506   31.4189
    3.0167    9.6766   31.0780
    3.0390    9.8018   30.7391
    3.0610    9.9266   30.4020
    3.0829   10.0506   30.0670
    3.1046   10.1738   29.7346
    3.1260   10.2960   29.4048
    3.1473   10.4173   29.0775
    3.1683   10.5376   28.7527
    3.1892   10.6571   28.4305
    3.2098   10.7757   28.1109
    3.2302   10.8934   27.7937
    3.2504   11.0102   27.4792
    3.2704   11.1260   27.1671
    3.2902   11.2410   26.8576
    3.3098   11.3551   26.5507
    3.3292   11.4682   26.2463
    3.3484   11.5805   25.9444
    3.3674   11.6919   25.6449
    3.3861   11.8024   25.3480
    3.4047   11.9120   25.0537
    3.4231   12.0205   24.7621
    3.4413   12.1281   24.4731
    3.4593   12.2348   24.1868
    3.4772   12.3404   23.9031
    3.4948   12.4451   23.6220
    3.5123   12.5489   23.3437
    3.5295   12.6516   23.0679
    3.5466   12.7534   22.7949
    3.5635   12.8542   22.5244
    3.5802   12.9541   22.2567
    3.5968   13.0530   21.9915
    3.6131   13.1509   21.7291
    3.6292   13.2479   21.4692
    3.6452   13.3439   21.2119
    3.6610   13.4390   20.9571
    3.6766   13.5332   20.7049
    3.6921   13.6264   20.4552
    3.7074   13.7187   20.2080
    3.7225   13.8101   19.9634
    3.7375   13.9005   19.7213
    3.7523   13.9899   19.4817
    3.7669   14.0785   19.2447
    3.7814   14.1661   19.0102
    3.7957   14.2527   18.7782
    3.8098   14.3385   18.5488
    3.8237   14.4233   18.3219
    3.8375   14.5071   18.0976
    3.8512   14.5900   17.8758
    3.8647   14.6720   17.6564
    3.8780   14.7532   17.4393
    3.8912   14.8334   17.2246
    3.9042   14.9128   17.0122
    3.9171   14.9913   16.8022
    3.9298   15.0690   16.5946
    3.9424   15.1457   16.3893
    3.9548   15.2216   16.1863
    3.9548   15.2216   16.1863
    3.9792   15.2967   15.9599
    4.0034   15.3711   15.7356
    4.0274   15.4447   15.5133
    4.0512   15.5175   15.2931
    4.0748   15.5896   15.0751
    4.0983   15.6610   14.8592
    4.1217   15.7318   14.6448
    4.1449   15.8018   14.4326
    4.1678   15.8711   14.2226
    4.1906   15.9397   14.0148
    4.2132   16.0074   13.8092
    4.2356   16.0744   13.6058
    4.2577   16.1407   13.4045
    4.2797   16.2062   13.2054
    4.3015   16.2709   13.0086
    4.3230   16.3349   12.8139
    4.3444   16.3981   12.6214
    4.3656   16.4606   12.4311
    4.3865   16.5223   12.2429
    4.4073   16.5833   12.0570
    4.4278   16.6435   11.8733
    4.4482   16.7030   11.6916
    4.4684   16.7617   11.5121
    4.4883   16.8198   11.3346
    4.5081   16.8771   11.1593
    4.5276   16.9337   10.9860
    4.5470   16.9896   10.8149
    4.5661   17.0448   10.6459
    4.5850   17.0993   10.4789
    4.6037   17.1530   10.3141
    4.6222   17.2061   10.1514
    4.6405   17.2584    9.9908
    4.6586   17.3101    9.8323
    4.6764   17.3610    9.6758
    4.6941   17.4112    9.5215
    4.7115   17.4606    9.3693
    4.7288   17.5094    9.2192
    4.7458   17.5575    9.0710
    4.7627   17.6050    8.9247
    4.7793   17.6519    8.7803
    4.7958   17.6981    8.6378
    4.8120   17.7437    8.4972
    4.8281   17.7887    8.3585
    4.8439   17.8330    8.2217
    4.8595   17.8767    8.0868
    4.8750   17.9198    7.9538
    4.8902   17.9622    7.8227
    4.9053   18.0040    7.6936
    4.9201   18.0451    7.5663
    4.9347   18.0856    7.4409
    4.9492   18.1255    7.3175
    4.9634   18.1647    7.1960
    4.9775   18.2034    7.0761
    4.9914   18.2416    6.9578
    5.0051   18.2792    6.8412
    5.0186   18.3162    6.7263
    5.0319   18.3527    6.6129
    5.0451   18.3887    6.5013
    5.0581   18.4242    6.3913
    5.0709   18.4590    6.2829
    5.0835   18.4934    6.1762
    5.0959   18.5272    6.0712
    5.1082   18.5605    5.9677
    5.1202   18.5932    5.8660
    5.1321   18.6253    5.7659
    5.1438   18.6570    5.6675
    5.1553   18.6880    5.5707
    5.1667   18.7187    5.4752
    5.1779   18.7488    5.3812
    5.1890   18.7786    5.2885
    5.1999   18.8078    5.1972
    5.2106   18.8367    5.1074
    5.2212   18.8651    5.0188
    5.2316   18.8930    4.9317
    5.2419   18.9205    4.8460
    5.2520   18.9475    4.7616
    5.2620   18.9740    4.6786
    5.2718   19.0002    4.5970
    5.2814   19.0258    4.5168
    5.2909   19.0511    4.4380
    5.3002   19.0758    4.3606
    5.3094   19.1001    4.2845
    5.3185   19.1241    4.2095
    5.3274   19.1477    4.1356
    5.3362   19.1709    4.0629
    5.3448   19.1938    3.9913
    5.3533   19.2163    3.9208
    5.3617   19.2385    3.8515
    5.3700   19.2602    3.7833
    5.3781   19.2816    3.7162
    5.3861   19.3027    3.6503
    5.3940   19.3233    3.5855
    5.4017   19.3436    3.5219
    5.4093   19.3636    3.4593
    5.4168   19.3831    3.3980
    5.4241   19.4023    3.3376
    5.4313   19.4213    3.2783
    5.4384   19.4398    3.2200
    5.4454   19.4581    3.1627
    5.4523   19.4760    3.1063
    5.4564   19.4869    3.0723
    5.4564   19.4869    3.0723
    5.4564   19.4869    3.0723
    5.4564   19.4869    3.0723
    5.4564   19.4869    3.0723
    5.4564   19.4869    3.0723
    5.4564   19.4869    3.0723
    5.4564   19.4869    3.0723
    5.4564   19.4869    3.0723
    5.4564   19.4869    3.0723
    5.4564   19.4869    3.0723
    5.4564   19.4869    3.0723
    5.4564   19.4869    3.0723
    5.4564   19.4869    3.0723
    5.4564   19.4869    3.0723
    5.4564   19.4869    3.0723
    5.4564   19.4869    3.0723
    5.4564   19.4869    3.0723
    5.4564   19.4869    3.0723
    5.4564   19.4869    3.0723
    5.4564   19.4869    3.0723
    5.4564   19.4869    3.0723
    5.4564   19.4869    3.0723
    5.4564   19.4869    3.0723
    5.4564   19.4869    3.0723
    5.4564   19.4869    3.0723
    5.4564   19.4869    3.0723
    5.4564   19.4869    3.0723
    5.4564   19.4869    3.0723
    5.4564   19.4869    3.0723
    5.4564   19.4869    3.0723
    5.4564   19.4869    3.0723
    5.4564   19.4869    3.0723
    5.4564   19.4869    3.0723
    5.4564   19.4869    3.0723
    5.4564   19.4869    3.0723
    5.4564   19.4869    3.0723
    5.4564   19.4869    3.0723
    5.4564   19.4869    3.0723
    5.4564   19.4869    3.0723
    5.4564   19.4869    3.0723
    5.4564   19.4869    3.0723
    5.4564   19.4869    3.0723
    5.4564   19.4869    3.0723
    5.4564   19.4869    3.0723
    5.4564   19.4869    3.0723
    5.4564   19.4869    3.0723
    5.4564   19.4869    3.0723
    5.4564   19.4869    3.0723
         0         0   40.0000
    0.0279    0.0009   39.9385
    0.0557    0.0037   39.8728
    0.0836    0.0083   39.8028
    0.1113    0.0148   39.7288
    0.1391    0.0231   39.6505
    0.1667    0.0332   39.5681
    0.1944    0.0450   39.4817
    0.2219    0.0587   39.3913
    0.2495    0.0741   39.2969
    0.2769    0.0914   39.1983
    0.3043    0.1103   39.0959
    0.3317    0.1310   38.9898
    0.3589    0.1533   38.8798
    0.3861    0.1774   38.7660
    0.4132    0.2031   38.6484
    0.4403    0.2306   38.5268
    0.4673    0.2597   38.4018
    0.4942    0.2903   38.2733
    0.5210    0.3225   38.1413
    0.5478    0.3563   38.0060
    0.5744    0.3915   37.8672
    0.6010    0.4284   37.7250
    0.6275    0.4667   37.5794
    0.6539    0.5068   37.4301
    0.6803    0.5483   37.2775
    0.7065    0.5911   37.1222
    0.7326    0.6352   36.9640
    0.7586    0.6807   36.8030
    0.7845    0.7274   36.6391
    0.8103    0.7755   36.4724
    0.8361    0.8248   36.3029
    0.8617    0.8755   36.1306
    0.8872    0.9275   35.9555
    0.9126    0.9809   35.7773
    0.9379    1.0357   35.5959
    0.9631    1.0915   35.4124
    0.9882    1.1483   35.2270
    1.0131    1.2061   35.0396
    1.0379    1.2649   34.8501
    1.0626    1.3246   34.6586
    1.0872    1.3853   34.4651
    1.1117    1.4470   34.2696
    1.1360    1.5097   34.0720
    1.1602    1.5733   33.8725
    1.1843    1.6380   33.6709
    1.2083    1.7036   33.4673
    1.2322    1.7705   33.2609
    1.2559    1.8383   33.0528
    1.2795    1.9066   32.8437
    1.3030    1.9755   32.6335
    1.3263    2.0450   32.4223
    1.3495    2.1151   32.2099
    1.3725    2.1857   31.9966
    1.3954    2.2570   31.7822
    1.4182    2.3288   31.5667
    1.4409    2.4012   31.3502
    1.4634    2.4742   31.1326
    1.4857    2.5477   30.9139
    1.5079    2.6219   30.6942
    1.5300    2.6966   30.4735
    1.5520    2.7719   30.2517
    1.5738    2.8481   30.0280
    1.5955    2.9245   29.8042
    1.6170    3.0012   29.5801
    1.6384    3.0780   29.3559
    1.6596    3.1551   29.1316
    1.6807    3.2323   28.9071
    1.7016    3.3098   28.6824
    1.7224    3.3874   28.4576
    1.7431    3.4652   28.2326
    1.7636    3.5433   28.0075
    1.7839    3.6215   27.7823
    1.8041    3.7000   27.5568
    1.8242    3.7786   27.3313
    1.8441    3.8575   27.1056
    1.8639    3.9365   26.8797
    1.8835    4.0160   26.6530
    1.9030    4.0954   26.4269
    1.9223    4.1747   26.2014
    1.9414    4.2539   25.9764
    1.9605    4.3330   25.7519
    1.9793    4.4121   25.5280
    1.9981    4.4910   25.3047
    2.0167    4.5698   25.0818
    2.0351    4.6485   24.8596
    2.0534    4.7271   24.6378
    2.0715    4.8056   24.4166
    2.0895    4.8841   24.1960
    2.1073    4.9624   23.9759
    2.1250    5.0406   23.7564
    2.1425    5.1188   23.5373
    2.1599    5.1970   23.3185
    2.1772    5.2748   23.1006
    2.1943    5.3524   22.8838
    2.2112    5.4297   22.6680
    2.2280    5.5067   22.4532
    2.2447    5.5834   22.2395
    2.2612    5.6597   22.0267
    2.2776    5.7358   21.8150
    2.2938    5.8115   21.6043
    2.3099    5.8870   21.3946
    2.3259    5.9621   21.1859
    2.3417    6.0370   20.9783
    2.3573    6.1115   20.7716
    2.3728    6.1857   20.5660
    2.3882    6.2597   20.3613
    2.4034    6.3334   20.1575
    2.4185    6.4067   19.9550
    2.4334    6.4796   19.7537
    2.4483    6.5520   19.5538
    2.4629    6.6240   19.3551
    2.4775    6.6956   19.1577
    2.4919    6.7667   18.9616
    2.5061    6.8374   18.7668
    2.5203    6.9077   18.5732
    2.5343    6.9776   18.3810
    2.5481    7.0470   18.1900
    2.5618    7.1160   18.0004
    2.5754    7.1846   17.8120
    2.5889    7.2528   17.6249
    2.6022    7.3205   17.4390
    2.6154    7.3879   17.2543
    2.6284    7.4547   17.0711
    2.6414    7.5211   16.8892
    2.6542    7.5870   16.7087
    2.6668    7.6524   16.5297
    2.6794    7.7173   16.3520
    2.6918    7.7817   16.1757
    2.7041    7.8457   16.0008
    2.7163    7.9091   15.8273
    2.7284    7.9721   15.6552
    2.7403    8.0346   15.4845
    2.7521    8.0966   15.3152
    2.7638    8.1581   15.1473
    2.7753    8.2191   14.9808
    2.7868    8.2797   14.8157
    2.7981    8.3397   14.6519
    2.8093    8.3993   14.4896
    2.8204    8.4584   14.3286
    2.8313    8.5170   14.1690
    2.8422    8.5750   14.0109
    2.8529    8.6326   13.8541
    2.8636    8.6897   13.6987
    2.8741    8.7463   13.5447
    2.8845    8.8024   13.3921
    2.8948    8.8580   13.2409
    2.9050    8.9131   13.0911
    2.9150    8.9677   12.9427
    2.9250    9.0218   12.7957
    2.9250    9.0218   12.7957
    2.9394    9.0754   12.6403
    2.9538    9.1286   12.4861
    2.9680    9.1813   12.3332
    2.9822    9.2336   12.1816
    2.9962    9.2854   12.0312
    3.0101    9.3367   11.8821
    3.0240    9.3877   11.7340
    3.0378    9.4383   11.5871
    3.0515    9.4884   11.4416
    3.0650    9.5380   11.2973
    3.0785    9.5871   11.1544
    3.0918    9.6358   11.0127
    3.1050    9.6841   10.8724
    3.1182    9.7319   10.7333
    3.1312    9.7792   10.5956
    3.1441    9.8261   10.4591
    3.1569    9.8725   10.3240
    3.1696    9.9184   10.1901
    3.1822    9.9639   10.0576
    3.1947   10.0089    9.9263
    3.2071   10.0535    9.7964
    3.2193   10.0976    9.6677
    3.2315   10.1412    9.5402
    3.2436   10.1845    9.4141
    3.2555   10.2272    9.2892
    3.2673   10.2696    9.1655
    3.2791   10.3114    9.0432
    3.2907   10.3529    8.9221
    3.3022   10.3939    8.8023
    3.3136   10.4344    8.6837
    3.3248   10.4746    8.5664
    3.3360   10.5142    8.4504
    3.3471   10.5534    8.3357
    3.3580   10.5922    8.2222
    3.3689   10.6306    8.1100
    3.3796   10.6684    7.9990
    3.3902   10.7059    7.8893
    3.4008   10.7429    7.7808
    3.4112   10.7795    7.6735
    3.4215   10.8157    7.5674
    3.4317   10.8515    7.4624
    3.4418   10.8869    7.3587
    3.4517   10.9219    7.2561
    3.4616   10.9565    7.1546
    3.4714   10.9906    7.0544
    3.4811   11.0244    6.9554
    3.4906   11.0577    6.8575
    3.5001   11.0907    6.7608
    3.5094   11.1232    6.6653
    3.5187   11.1553    6.5709
    3.5278   11.1870    6.4778
    3.5368   11.2183    6.3859
    3.5457   11.2492    6.2950
    3.5546   11.2797    6.2051
    3.5633   11.3099    6.1163
    3.5719   11.3398    6.0286
    3.5805   11.3692    5.9420
    3.5889   11.3983    5.8564
    3.5972   11.4270    5.7718
    3.6055   11.4554    5.6883
    3.6136   11.4834    5.6059
    3.6217   11.5110    5.5246
    3.6296   11.5383    5.4442
    3.6374   11.5652    5.3650
    3.6452   11.5917    5.2868
    3.6528   11.6179    5.2097
    3.6604   11.6437    5.1337
    3.6678   11.6691    5.0586
    3.6752   11.6943    4.9843
    3.6825   11.7191    4.9111
    3.6897   11.7437    4.8387
    3.6968   11.7679    4.7673
    3.7038   11.7918    4.6968
    3.7108   11.8154    4.6272
    3.7176   11.8386    4.5585
    3.7244   11.8616    4.4908
    3.7310   11.8842    4.4239
    3.7376   11.9065    4.3580
    3.7441   11.9285    4.2931
    3.7505   11.9502    4.2290
    3.7568   11.9715    4.1660
    3.7630   11.9926    4.1038
    3.7692   12.0134    4.0424
    3.7753   12.0339    3.9817
    3.7813   12.0541    3.9219
    3.7872   12.0741    3.8629
    3.7931   12.0938    3.8046
    3.7988   12.1132    3.7471
    3.8045   12.1324    3.6904
    3.8101   12.1513    3.6345
    3.8157   12.1699    3.5794
    3.8211   12.1883    3.5251
    3.8265   12.2064    3.4716
    3.8318   12.2242    3.4188
    3.8371   12.2417    3.3669
    3.8422   12.2590    3.3157
    3.8473   12.2760    3.2653
    3.8523   12.2928    3.2156
    3.8573   12.3094    3.1665
    3.8622   12.3257    3.1181
    3.8670   12.3418    3.0703
    3.8718   12.3577    3.0232
    3.8765   12.3734    2.9768
    3.8811   12.3889    2.9310
    3.8857   12.4041    2.8859
    3.8902   12.4191    2.8414
    3.8946   12.4339    2.7976
    3.8990   12.4484    2.7545
    3.9033   12.4628    2.7120
    3.9075   12.4769    2.6701
    3.9117   12.4907    2.6290
    3.9158   12.5044    2.5884
    3.9199   12.5179    2.5484
    3.9239   12.5312    2.5090
    3.9278   12.5443    2.4702
    3.9317   12.5572    2.4319
    3.9321   12.5585    2.4279
    3.9321   12.5585    2.4279
    3.9321   12.5585    2.4279
    3.9321   12.5585    2.4279
    3.9321   12.5585    2.4279
    3.9321   12.5585    2.4279
    3.9321   12.5585    2.4279
    3.9321   12.5585    2.4279
    3.9321   12.5585    2.4279
    3.9321   12.5585    2.4279
    3.9321   12.5585    2.4279
    3.9321   12.5585    2.4279
    3.9321   12.5585    2.4279
    3.9321   12.5585    2.4279
    3.9321   12.5585    2.4279
    3.9321   12.5585    2.4279
    3.9321   12.5585    2.4279
    3.9321   12.5585    2.4279
    3.9321   12.5585    2.4279
    3.9321   12.5585    2.4279
    3.9321   12.5585    2.4279
    3.9321   12.5585    2.4279
    3.9321   12.5585    2.4279
    3.9321   12.5585    2.4279
    3.9321   12.5585    2.4279
    3.9321   12.5585    2.4279
    3.9321   12.5585    2.4279
    3.9321   12.5585    2.4279
    3.9321   12.5585    2.4279
    3.9321   12.5585    2.4279
    3.9321   12.5585    2.4279
    3.9321   12.5585    2.4279
    3.9321   12.5585    2.4279
         0         0   20.0000
    0.0150    0.0003   19.9674
    0.0300    0.0011   19.9336
    0.0450    0.0024   19.8987
    0.0600    0.0042   19.8626
    0.0749    0.0066   19.8253
    0.0898    0.0094   19.7869
    0.1047    0.0128   19.7474
    0.1196    0.0167   19.7067
    0.1344    0.0211   19.6649
    0.1492    0.0260   19.6220
    0.1639    0.0315   19.5781
    0.1787    0.0374   19.5330
    0.1934    0.0438   19.4868
    0.2080    0.0507   19.4395
    0.2227    0.0580   19.3913
    0.2373    0.0659   19.3420
    0.2518    0.0742   19.2916
    0.2664    0.0830   19.2403
    0.2809    0.0922   19.1879
    0.2953    0.1020   19.1345
    0.3097    0.1122   19.0800
    0.3241    0.1229   19.0246
    0.3385    0.1340   18.9683
    0.3528    0.1455   18.9111
    0.3670    0.1575   18.8529
    0.3812    0.1698   18.7939
    0.3954    0.1826   18.7339
    0.4095    0.1959   18.6731
    0.4236    0.2095   18.6113
    0.4377    0.2236   18.5487
    0.4517    0.2382   18.4850
    0.4657    0.2532   18.4204
    0.4796    0.2685   18.3551
    0.4934    0.2843   18.2891
    0.5073    0.3003   18.2223
    0.5210    0.3167   18.1548
    0.5348    0.3335   18.0865
    0.5484    0.3507   18.0176
    0.5621    0.3682   17.9479
    0.5756    0.3861   17.8774
    0.5892    0.4043   17.8063
    0.6026    0.4229   17.7344
    0.6161    0.4418   17.6617
    0.6294    0.4612   17.5883
    0.6428    0.4809   17.5140
    0.6561    0.5009   17.4392
    0.6693    0.5212   17.3638
    0.6824    0.5418   17.2880
    0.6956    0.5626   17.2116
    0.7086    0.5838   17.1347
    0.7216    0.6052   17.0573
    0.7345    0.6268   16.9794
    0.7474    0.6488   16.9010
    0.7603    0.6710   16.8220
    0.7730    0.6935   16.7425
    0.7858    0.7162   16.6625
    0.7984    0.7392   16.5820
    0.8110    0.7626   16.5010
    0.8236    0.7862   16.4194
    0.8361    0.8101   16.3372
    0.8485    0.8342   16.2547
    0.8609    0.8584   16.1719
    0.8732    0.8829   16.0888
    0.8855    0.9076   16.0054
    0.8977    0.9324   15.9217
    0.9098    0.9574   15.8378
    0.9219    0.9826   15.7535
    0.9339    1.0080   15.6689
    0.9458    1.0335   15.5841
    0.9577    1.0593   15.4989
    0.9696    1.0852   15.4134
    0.9813    1.1113   15.3277
    0.9930    1.1376   15.2416
    1.0047    1.1641   15.1552
    1.0163    1.1908   15.0684
    1.0278    1.2176   14.9816
    1.0393    1.2445   14.8946
    1.0507    1.2715   14.8076
    1.0620    1.2986   14.7205
    1.0733    1.3258   14.6332
    1.0845    1.3531   14.5459
    1.0956    1.3805   14.4585
    1.1067    1.4080   14.3710
    1.1177    1.4356   14.2833
    1.1287    1.4633   14.1956
    1.1396    1.4911   14.1078
    1.1504    1.5189   14.0199
    1.1612    1.5469   13.9319
    1.1719    1.5751   13.8438
    1.1825    1.6033   13.7555
    1.1931    1.6315   13.6673
    1.2036    1.6598   13.5792
    1.2140    1.6881   13.4912
    1.2244    1.7164   13.4032
    1.2347    1.7448   13.3153
    1.2450    1.7732   13.2275
    1.2551    1.8016   13.1398
    1.2653    1.8300   13.0521
    1.2753    1.8585   12.9645
    1.2853    1.8869   12.8770
    1.2952    1.9155   12.7896
    1.3051    1.9440   12.7022
    1.3149    1.9726   12.6150
    1.3246    2.0012   12.5277
    1.3343    2.0298   12.4405
    1.3439    2.0584   12.3535
    1.3535    2.0870   12.2668
    1.3630    2.1156   12.1802
    1.3724    2.1441   12.0939
    1.3817    2.1725   12.0077
    1.3910    2.2010   11.9218
    1.4003    2.2294   11.8361
    1.4094    2.2578   11.7506
    1.4185    2.2861   11.6653
    1.4276    2.3144   11.5802
    1.4365    2.3427   11.4954
    1.4454    2.3710   11.4107
    1.4543    2.3992   11.3262
    1.4631    2.4274   11.2419
    1.4718    2.4556   11.1579
    1.4805    2.4837   11.0741
    1.4891    2.5117   10.9907
    1.4976    2.5396   10.9075
    1.5061    2.5675   10.8247
    1.5145    2.5953   10.7422
    1.5228    2.6230   10.6600
    1.5311    2.6506   10.5781
    1.5394    2.6781   10.4965
    1.5475    2.7056   10.4152
    1.5556    2.7330   10.3343
    1.5637    2.7603   10.2536
    1.5717    2.7876   10.1732
    1.5796    2.8148   10.0932
    1.5875    2.8419   10.0134
    1.5953    2.8689    9.9339
    1.6030    2.8958    9.8548
    1.6107    2.9226    9.7761
    1.6183    2.9493    9.6978
    1.6259    2.9759    9.6198
    1.6334    3.0024    9.5423
    1.6409    3.0288    9.4651
    1.6483    3.0551    9.3882
    1.6556    3.0812    9.3118
    1.6629    3.1073    9.2357
    1.6701    3.1332    9.1600
    1.6773    3.1590    9.0847
    1.6844    3.1847    9.0097
    1.6915    3.2104    8.9352
    1.6985    3.2359    8.8610
    1.6985    3.2359    8.8610
    1.7044    3.2612    8.7894
    1.7103    3.2865    8.7183
    1.7161    3.3116    8.6474
    1.7219    3.3365    8.5769
    1.7277    3.3614    8.5068
    1.7335    3.3861    8.4371
    1.7393    3.4107    8.3676
    1.7450    3.4352    8.2985
    1.7507    3.4595    8.2297
    1.7563    3.4837    8.1614
    1.7620    3.5078    8.0934
    1.7676    3.5318    8.0258
    1.7732    3.5556    7.9585
    1.7787    3.5792    7.8917
    1.7843    3.6028    7.8252
    1.7898    3.6262    7.7591
    1.7952    3.6494    7.6933
    1.8007    3.6725    7.6280
    1.8061    3.6955    7.5630
    1.8115    3.7184    7.4984
    1.8168    3.7411    7.4341
    1.8222    3.7637    7.3702
    1.8275    3.7862    7.3067
    1.8328    3.8085    7.2436
    1.8380    3.8306    7.1809
    1.8432    3.8527    7.1185
    1.8484    3.8746    7.0566
    1.8536    3.8963    6.9950
    1.8587    3.9180    6.9338
    1.8638    3.9395    6.8730
    1.8688    3.9608    6.8126
    1.8739    3.9820    6.7526
    1.8789    4.0031    6.6929
    1.8838    4.0240    6.6336
    1.8888    4.0448    6.5747
    1.8937    4.0655    6.5162
    1.8986    4.0860    6.4581
    1.9035    4.1064    6.4004
    1.9083    4.1266    6.3430
    1.9131    4.1467    6.2860
    1.9178    4.1667    6.2294
    1.9226    4.1866    6.1732
    1.9273    4.2063    6.1174
    1.9320    4.2258    6.0620
    1.9366    4.2452    6.0069
    1.9412    4.2645    5.9522
    1.9458    4.2837    5.8979
    1.9504    4.3027    5.8440
    1.9549    4.3216    5.7905
    1.9594    4.3403    5.7373
    1.9638    4.3589    5.6846
    1.9683    4.3774    5.6322
    1.9727    4.3957    5.5802
    1.9771    4.4139    5.5285
    1.9814    4.4320    5.4772
    1.9857    4.4500    5.4263
    1.9900    4.4678    5.3758
    1.9943    4.4854    5.3256
    1.9985    4.5030    5.2759
    2.0027    4.5204    5.2264
    2.0068    4.5377    5.1774
    2.0110    4.5548    5.1287
    2.0151    4.5718    5.0804
    2.0192    4.5887    5.0325
    2.0232    4.6055    4.9849
    2.0272    4.6221    4.9378
    2.0312    4.6386    4.8910
    2.0352    4.6549    4.8445
    2.0391    4.6712    4.7984
    2.0430    4.6873    4.7526
    2.0469    4.7032    4.7072
    2.0507    4.7191    4.6622
    2.0545    4.7348    4.6175
    2.0583    4.7504    4.5731
    2.0620    4.7659    4.5291
    2.0658    4.7813    4.4855
    2.0695    4.7965    4.4422
    2.0731    4.8116    4.3993
    2.0768    4.8266    4.3567
    2.0804    4.8414    4.3145
    2.0840    4.8562    4.2726
    2.0875    4.8708    4.2311
    2.0911    4.8852    4.1899
    2.0946    4.8996    4.1491
    2.0980    4.9139    4.1085
    2.1015    4.9280    4.0683
    2.1049    4.9420    4.0285
    2.1083    4.9559    3.9889
    2.1116    4.9697    3.9497
    2.1150    4.9834    3.9108
    2.1183    4.9969    3.8723
    2.1216    5.0103    3.8341
    2.1248    5.0237    3.7962
    2.1281    5.0369    3.7586
    2.1312    5.0499    3.7214
    2.1344    5.0629    3.6845
    2.1376    5.0757    3.6479
    2.1407    5.0885    3.6117
    2.1438    5.1011    3.5757
    2.1469    5.1137    3.5400
    2.1499    5.1261    3.5047
    2.1529    5.1384    3.4696
    2.1559    5.1506    3.4349
    2.1589    5.1627    3.4004
    2.1618    5.1747    3.3663
    2.1647    5.1866    3.3324
    2.1676    5.1983    3.2989
    2.1705    5.2100    3.2656
    2.1733    5.2216    3.2327
    2.1761    5.2330    3.2001
    2.1789    5.2444    3.1678
    2.1817    5.2556    3.1358
    2.1844    5.2667    3.1040
    2.1872    5.2778    3.0725
    2.1899    5.2887    3.0413
    2.1925    5.2996    3.0104
    2.1952    5.3103    2.9798
    2.1978    5.3210    2.9494
    2.2004    5.3316    2.9193
    2.2030    5.3420    2.8895
    2.2056    5.3524    2.8599
    2.2081    5.3627    2.8307
    2.2106    5.3728    2.8017
    2.2131    5.3829    2.7730
    2.2155    5.3929    2.7445
    2.2180    5.4027    2.7164
    2.2204    5.4125    2.6885
    2.2228    5.4222    2.6608
    2.2252    5.4318    2.6334
    2.2275    5.4414    2.6063
    2.2299    5.4508    2.5794
    2.2322    5.4601    2.5527
    2.2345    5.4694    2.5263
    2.2367    5.4786    2.5001
    2.2390    5.4877    2.4742
    2.2412    5.4967    2.4485
    2.2434    5.5056    2.4231
    2.2456    5.5144    2.3979
    2.2478    5.5231    2.3730
    2.2499    5.5318    2.3483
    2.2520    5.5403    2.3239
    2.2541    5.5488    2.2997
    2.2562    5.5572    2.2757
    2.2583    5.5655    2.2520
    2.2603    5.5738    2.2285
    2.2624    5.5819    2.2052
    2.2644    5.5900    2.1821
    2.2664    5.5980    2.1593
    2.2683    5.6059    2.1367