    1.0000         0  100.0000
    1.0573    0.1464   99.5377
    1.1143    0.3000   99.0590
    1.1712    0.4604   98.5651
    1.2279    0.6273   98.0563
    1.2843    0.8008   97.5326
    1.3406    0.9813   96.9932
    1.3966    1.1674   96.4412
    1.4524    1.3592   95.8766
    1.5079    1.5565   95.2996
    1.5632    1.7594   94.7100
    1.6183    1.9681   94.1074
    1.6731    2.1826   93.4920
    1.7276    2.4013   92.8675
    1.7819    2.6241   92.2338
    1.8359    2.8511   91.5910
    1.8896    3.0823   90.9390
    1.9431    3.3177   90.2780
    1.9963    3.5572   89.6078
    2.0492    3.8017   88.9265
    2.1018    4.0491   88.2394
    2.1541    4.2989   87.5472
    2.2060    4.5512   86.8499
    2.2577    4.8059   86.1474
    2.3091    5.0632   85.4399
    2.3601    5.3229   84.7272
    2.4108    5.5852   84.0094
    2.4613    5.8501   83.2860
    2.5114    6.1181   82.5561
    2.5612    6.3868   81.8252
    2.6106    6.6564   81.0932
    2.6597    6.9266   80.3602
    2.7085    7.1977   79.6261
    2.7570    7.4695   78.8910
    2.8051    7.7420   78.1548
    2.8528    8.0153   77.4175
    2.9002    8.2894   76.6792
    2.9473    8.5646   75.9392
    2.9941    8.8410   75.1968
    3.0405    9.1167   74.4569
    3.0865    9.3917   73.7193
    3.1322    9.6660   72.9842
    3.1776    9.9396   72.2515
    3.2226   10.2125   71.5211
    3.2672   10.4847   70.7932
    3.3115   10.7561   70.0677
    3.3554   11.0269   69.3445
    3.3990   11.2969   68.6238
    3.4423   11.5662   67.9055
    3.4852   11.8358   67.1874
    3.5277   12.1037   66.4739
    3.5699   12.3698   65.7652
    3.6117   12.6342   65.0612
    3.6532   12.8969   64.3621
    3.6943   13.1579   63.6677
    3.7351   13.4171   62.9781
    3.7756   13.6745   62.2933
    3.8156   13.9303   61.6133
    3.8554   14.1843   60.9380
    3.8948   14.4366   60.2676
    3.9338   14.6871   59.6019
    3.9725   14.9362   58.9402
    4.0108   15.1838   58.2829
    4.0488   15.4291   57.6316
    4.0865   15.6722   56.9861
    4.1238   15.9130   56.3466
    4.1608   16.1516   55.7130
    4.1975   16.3880   55.0853
    4.2338   16.6221   54.4635
    4.2698   16.8540   53.8477
    4.3055   17.0836   53.2378
    4.3408   17.3110   52.6338
    4.3758   17.5361   52.0357
    4.4105   17.7590   51.4436
    4.4448   17.9797   50.8574
    4.4788   18.1982   50.2769
    4.5125   18.4146   49.7019
    4.5459   18.6287   49.1329
    4.5789   18.8406   48.5699
    4.6117   19.0501   48.0129
    4.6441   19.2574   47.4619
    4.6763   19.4624   46.9168
    4.7081   19.6650   46.3778
    4.7397   19.8654   45.8447
    4.7709   20.0635   45.3176
    4.8018   20.2592   44.7965
    4.8325   20.4527   44.2813
    4.8628   20.6439   43.7722
    4.8928   20.8328   43.2690
    4.9226   21.0194   42.7719
    4.9520   21.2036   42.2807
    4.9811   21.3857   41.7954
    5.0099   21.5657   41.3154
    5.0385   21.7436   40.8408
    5.0668   21.9195   40.3717
    5.0948   22.0932   39.9080
    5.1226   22.2649   39.4497
    5.1501   22.4345   38.9968
    5.1774   22.6020   38.5493
    5.2043   22.7674   38.1072
    5.2310   22.9307   37.6706
    5.2574   23.0920   37.2394
    5.2836   23.2511   36.8136
    5.3095   23.4082   36.3932
    5.3351   23.5632   35.9782
    5.3605   23.7160   35.5689
    5.3856   23.8669   35.1647
    5.4104   24.0159   34.7651
    5.4350   24.1632   34.3702
    5.4594   24.3087   33.9799
    5.4836   24.4525   33.5943
    5.5075   24.5944   33.2133
    5.5312   24.7346   32.8369
    5.5547   24.8730   32.4651
    5.5779   25.0096   32.0980
    5.6009   25.1444   31.7355
    5.6236   25.2775   31.3777
    5.6462   25.4087   31.0245
    5.6685   25.5382   30.6759
    5.6905   25.6660   30.3319
    5.7123   25.7918   29.9929
    5.7339   25.9159   29.6582
    5.7553   26.0386   29.3274
    5.7765   26.1598   29.0004
    5.7975   26.2796   28.6772
    5.8183   26.3979   28.3579
    5.8389   26.5147   28.0425
    5.8593   26.6300   27.7309
    5.8795   26.7439   27.4231
    5.8995   26.8563   27.1192
    5.9193   26.9672   26.8191
    5.9389   27.0766   26.5229
    5.9582   27.1846   26.2306
    5.9774   27.2911   25.9421
    5.9964   27.3961   25.6574
    6.0152   27.4995   25.3770
    6.0338   27.6016   25.0999
    6.0522   27.7025   24.8261
    6.0705   27.8022   24.5554
    6.0885   27.9007   24.2879
    6.1065   27.9980   24.0235
    6.1242   28.0941   23.7623
    6.1417   28.1890   23.5042
    6.1591   28.2827   23.2493
    6.1764   28.3752   22.9976
    6.1934   28.4665   22.7490
    6.2103   28.5566   22.5036
    6.2270   28.6455   22.2613
    6.2435   28.7332   22.0222
    6.2599   28.8197   21.7862
    6.2599   28.8197   21.7862
    6.3107   28.9051   21.4794
    6.3613   28.9897   21.1750
    6.4116   29.0734   20.8734
    6.4616   29.1562   20.5745
    6.5114   29.2380   20.2783
    6.5608   29.3190   19.9848
    6.6103   29.3992   19.6929
    6.6594   29.4785   19.4040
    6.7081   29.5569   19.1180
    6.7565   29.6344   18.8349
    6.8046   29.7109   18.5547
    6.8522   29.7865   18.2774
    6.8996   29.8612   18.0030
    6.9465   29.9350   17.7316
    6.9932   30.0078   17.4630
    7.0394   30.0797   17.1974
    7.0853   30.1507   16.9347
    7.1309   30.2207   16.6749
    7.1761   30.2898   16.4180
    7.2209   30.3580   16.1640
    7.2655   30.4253   15.9128
    7.3097   30.4917   15.6643
    7.3534   30.5572   15.4188
    7.3968   30.6219   15.1761
    7.4398   30.6857   14.9363
    7.4823   30.7486   14.6995
    7.5244   30.8107   14.4654
    7.5662   30.8719   14.2343
    7.6075   30.9322   14.0061
    7.6484   30.9917   13.7807
    7.6889   31.0503   13.5583
    7.7290   31.1081   13.3387
    7.7686   31.1650   13.1220
    7.8079   31.2210   12.9082
    7.8467   31.2761   12.6973
    7.8852   31.3304   12.4892
    7.9233   31.3839   12.2839
    7.9609   31.4366   12.0811
    7.9981   31.4886   11.8811
    8.0350   31.5398   11.6837
    8.0713   31.5903   11.4889
    8.1073   31.6400   11.2968
    8.1428   31.6889   11.1074
    8.1780   31.7371   10.9206
    8.2126   31.7845   10.7365
    8.2469   31.8312   10.5550
    8.2808   31.8771   10.3762
    8.3142   31.9223   10.2000
    8.3472   31.9667   10.0265
    8.3798   32.0103    9.8557
    8.4120   32.0532    9.6875
    8.4438   32.0954    9.5217
    8.4752   32.1370    9.3581
    8.5062   32.1779    9.1969
    8.5368   32.2183    9.0380
    8.5670   32.2580    8.8815
    8.5968   32.2970    8.7272
    8.6262   32.3354    8.5753
    8.6552   32.3732    8.4257
    8.6839   32.4103    8.2785
    8.7121   32.4469    8.1336
    8.7399   32.4827    7.9910
    8.7673   32.5180    7.8507
    8.7943   32.5526    7.7127
    8.8209   32.5865    7.5772
    8.8472   32.6198    7.4437
    8.8731   32.6527    7.3122
    8.8986   32.6850    7.1827
    8.9238   32.7169    7.0551
    8.9487   32.7481    6.9294
    8.9732   32.7789    6.8058
    8.9973   32.8092    6.6841
    9.0210   32.8389    6.5644
    9.0444   32.8681    6.4467
    9.0675   32.8968    6.3309
    9.0902   32.9250    6.2171
    9.1125   32.9526    6.1053
    9.1345   32.9798    5.9954
    9.1561   33.0063    5.8877
    9.1774   33.0324    5.7816
    9.1984   33.0581    5.6772
    9.2191   33.0834    5.5743
    9.2395   33.1083    5.4732
    9.2595   33.1328    5.3736
    9.2793   33.1568    5.2757
    9.2988   33.1804    5.1794
    9.3179   33.2036    5.0847
    9.3367   33.2264    4.9917
    9.3553   33.2487    4.9003
    9.3735   33.2706    4.8105
    9.3914   33.2921    4.7223
    9.4090   33.3132    4.6358
    9.4263   33.3339    4.5509
    9.4433   33.3543    4.4674
    9.4601   33.3742    4.3853
    9.4766   33.3938    4.3047
    9.4928   33.4131    4.2255
    9.5087   33.4320    4.1476
    9.5112   33.4349    4.1354
    9.5112   33.4349    4.1354
    9.5112   33.4349    4.1354
    9.5112   33.4349    4.1354
    9.5112   33.4349    4.1354
    9.5112   33.4349    4.1354
    9.5112   33.4349    4.1354
    9.5112   33.4349    4.1354
    9.5112   33.4349    4.1354
    9.5112   33.4349    4.1354
    9.5112   33.4349    4.1354
    9.5112   33.4349    4.1354
    9.5112   33.4349    4.1354
    9.5112   33.4349    4.1354
    9.5112   33.4349    4.1354
    9.5112   33.4349    4.1354
    9.5112   33.4349    4.1354
    9.5112   33.4349    4.1354
    9.5112   33.4349    4.1354
    9.5112   33.4349    4.1354
    9.5112   33.4349    4.1354
    9.5112   33.4349    4.1354
    9.5112   33.4349    4.1354
    9.5112   33.4349    4.1354
    9.5112   33.4349    4.1354
    9.5112   33.4349    4.1354
    9.5112   33.4349    4.1354
    9.5112   33.4349    4.1354
    9.5112   33.4349    4.1354
    9.5112   33.4349    4.1354
    9.5112   33.4349    4.1354
    9.5112   33.4349    4.1354
    9.5112   33.4349    4.1354
    9.5112   33.4349    4.1354
    9.5112   33.4349    4.1354
    9.5112   33.4349    4.1354
    9.5112   33.4349    4.1354
    9.5112   33.4349    4.1354
    9.5112   33.4349    4.1354
    9.5112   33.4349    4.1354
    9.5112   33.4349    4.1354
    9.5112   33.4349    4.1354
    9.5112   33.4349    4.1354
    9.5112   33.4349    4.1354
    9.5112   33.4349    4.1354
    9.5112   33.4349    4.1354
    9.5112   33.4349    4.1354
    9.5112   33.4349    4.1354
    9.5112   33.4349    4.1354
    9.5112   33.4349    4.1354
    9.5112   33.4349    4.1354
    2.0000         0  100.0000
    2.0572    0.2879   99.2088
    2.1141    0.5803   98.4077
    2.1706    0.8769   97.5977
    2.2268    1.1770   96.7803
    2.2827    1.4806   95.9553
    2.3382    1.7881   95.1220
    2.3934    2.0988   94.2821
    2.4483    2.4116   93.4379
    2.5027    2.7267   92.5893
    2.5568    3.0439   91.7364
    2.6106    3.3633   90.8792
    2.6640    3.6854   90.0166
    2.7170    4.0092   89.1507
    2.7697    4.3336   88.2843
    2.8220    4.6586   87.4172
    2.8739    4.9842   86.5496
    2.9254    5.3104   85.6814
    2.9765    5.6372   84.8126
    3.0273    5.9646   83.9432
    3.0776    6.2934   83.0713
    3.1276    6.6215   82.2020
    3.1772    6.9487   81.3356
    3.2264    7.2749   80.4722
    3.2752    7.6003   79.6117
    3.3236    7.9247   78.7541
    3.3717    8.2483   77.8996
    3.4193    8.5709   77.0479
    3.4665    8.8926   76.1992
    3.5134    9.2143   75.3515
    3.5598    9.5339   74.5094
    3.6059    9.8514   73.6730
    3.6515   10.1669   72.8422
    3.6968   10.4802   72.0172
    3.7417   10.7915   71.1977
    3.7861   11.1007   70.3840
    3.8302   11.4079   69.5759
    3.8739   11.7129   68.7735
    3.9172   12.0159   67.9768
    3.9601   12.3174   67.1844
    4.0026   12.6164   66.3985
    4.0448   12.9127   65.6199
    4.0865   13.2062   64.8485
    4.1279   13.4970   64.0843
    4.1689   13.7850   63.3273
    4.2095   14.0702   62.5776
    4.2497   14.3526   61.8352
    4.2895   14.6323   61.1000
    4.3290   14.9093   60.3720
    4.3681   15.1834   59.6512
    4.4068   15.4548   58.9377
    4.4451   15.7239   58.2304
    4.4830   15.9900   57.5308
    4.5206   16.2532   56.8387
    4.5579   16.5134   56.1544
    4.5948   16.7707   55.4776
    4.6313   17.0250   54.8084
    4.6675   17.2763   54.1469
    4.7033   17.5247   53.4930
    4.7388   17.7702   52.8468
    4.7739   18.0127   52.2081
    4.8087   18.2522   51.5771
    4.8431   18.4888   50.9537
    4.8772   18.7224   50.3380
    4.9109   18.9531   49.7297
    4.9442   19.1811   49.1286
    4.9773   19.4063   48.5346
    5.0100   19.6287   47.9476
    5.0424   19.8484   47.3677
    5.0745   20.0654   46.7949
    5.1063   20.2796   46.2291
    5.1377   20.4910   45.6704
    5.1689   20.6997   45.1188
    5.1997   20.9057   44.5743
    5.2302   21.1089   44.0369
    5.2604   21.3093   43.5065
    5.2903   21.5070   42.9832
    5.3198   21.7019   42.4670
    5.3491   21.8941   41.9578
    5.3780   22.0834   41.4561
    5.4066   22.2703   40.9606
    5.4350   22.4548   40.4711
    5.4630   22.6370   39.9877
    5.4909   22.8168   39.5103
    5.5184   22.9943   39.0390
    5.5456   23.1694   38.5737
    5.5726   23.3422   38.1144
    5.5993   23.5127   37.6612
    5.6258   23.6808   37.2141
    5.6519   23.8465   36.7730
    5.6778   24.0099   36.3379
    5.7034   24.1709   35.9089
    5.7288   24.3296   35.4859
    5.7538   24.4860   35.0690
    5.7786   24.6398   34.6587
    5.8031   24.7916   34.2534
    5.8274   24.9415   33.8531
    5.8515   25.0895   33.4577
    5.8753   25.2356   33.0673
    5.8989   25.3797   32.6819
    5.9222   25.5219   32.3015
    5.9454   25.6622   31.9260
    5.9682   25.8006   31.5555
    5.9909   25.9371   31.1900
    6.0133   26.0716   30.8294
    6.0355   26.2042   30.4739
    6.0574   26.3349   30.1232
    6.0792   26.4636   29.7776
    6.1006   26.5905   29.4369
    6.1219   26.7152   29.1018
    6.1429   26.8383   28.7706
    6.1637   26.9600   28.4434
    6.1843   27.0800   28.1203
    6.2048   27.1986   27.8012
    6.2250   27.3156   27.4861
    6.2450   27.4310   27.1750
    6.2649   27.5449   26.8679
    6.2845   27.6573   26.5648
    6.3039   27.7681   26.2657
    6.3232   27.8774   25.9707
    6.3422   27.9851   25.6796
    6.3610   28.0913   25.3926
    6.3796   28.1960   25.1096
    6.3981   28.2990   24.8307
    6.4163   28.4004   24.5561
    6.4343   28.5006   24.2847
    6.4522   28.5996   24.0165
    6.4699   28.6973   23.7516
    6.4875   28.7938   23.4899
    6.5049   28.8891   23.2313
    6.5221   28.9831   22.9760
    6.5391   29.0759   22.7240
    6.5560   29.1675   22.4751
    6.5727   29.2578   22.2295
    6.5892   29.3469   21.9870
    6.6056   29.4348   21.7478
    6.6217   29.5215   21.5118
    6.6378   29.6069   21.2791
    6.6536   29.6912   21.0495
    6.6693   29.7743   20.8229
    6.6848   29.8563   20.5991
    6.7002   29.9372   20.3781
    6.7155   30.0171   20.1600
    6.7305   30.0959   19.9446
    6.7455   30.1737   19.7318
    6.7602   30.2505   19.5218
    6.7749   30.3263   19.3144
    6.7894   30.4011   19.1096
    6.8037   30.4438   18.9928
    6.8181   30.4394   19.0047
    6.8181   30.4394   19.0047
    6.8668   30.5130   18.7298
    6.9153   30.5858   18.4574
    6.9635   30.6577   18.1877
    7.0113   30.7288   17.9207
    7.0588   30.7990   17.6565
    7.1059   30.8683   17.3950
    7.1529   30.9369   17.1354
    7.1996   31.0046   16.8787
    7.2458   31.0715   16.6247
    7.2917   31.1375   16.3735
    7.3372   31.2028   16.1251
    7.3822   31.2671   15.8794
    7.4269   31.3307   15.6366
    7.4713   31.3933   15.3965
    7.5152   31.4552   15.1592
    7.5587   31.5162   14.9247
    7.6019   31.5764   14.6930
    7.6446   31.6357   14.4641
    7.6870   31.6942   14.2379
    7.7290   31.7518   14.0145
    7.7706   31.8086   13.7939
    7.8119   31.8646   13.5758
    7.8527   31.9198   13.3605
    7.8932   31.9743   13.1477
    7.9332   32.0280   12.9376
    7.9728   32.0810   12.7302
    8.0120   32.1332   12.5254
    8.0507   32.1847   12.3232
    8.0891   32.2354   12.1237
    8.1270   32.2854   11.9268
    8.1645   32.3346   11.7326
    8.2016   32.3830   11.5410
    8.2383   32.4307   11.3521
    8.2745   32.4776   11.1658
    8.3104   32.5238   10.9821
    8.3458   32.5692   10.8012
    8.3809   32.6139   10.6226
    8.4155   32.6580   10.4465
    8.4497   32.7014   10.2727
    8.4836   32.7442   10.1013
    8.5170   32.7863    9.9322
    8.5500   32.8278    9.7655
    8.5826   32.8686    9.6012
    8.6148   32.9088    9.4392
    8.6466   32.9484    9.2796
    8.6779   32.9873    9.1224
    8.7089   33.0255    8.9675
    8.7395   33.0631    8.8150
    8.7696   33.1001    8.6648
    8.7993   33.1365    8.5171
    8.8287   33.1721    8.3717
    8.8577   33.2072    8.2285
    8.8863   33.2418    8.0872
    8.9145   33.2758    7.9480
    8.9423   33.3093    7.8108
    8.9698   33.3423    7.6757
    8.9969   33.3747    7.5426
    9.0236   33.4066    7.4115
    9.0500   33.4380    7.2825
    9.0760   33.4689    7.1554
    9.1016   33.4992    7.0304
    9.1268   33.5290    6.9075
    9.1517   33.5582    6.7866
    9.1761   33.5869    6.6677
    9.2003   33.6151    6.5509
    9.2240   33.6428    6.4360
    9.2474   33.6700    6.3229
    9.2705   33.6968    6.2114
    9.2933   33.7232    6.1016
    9.3158   33.7491    5.9935
    9.3379   33.7746    5.8871
    9.3597   33.7997    5.7824
    9.3812   33.8244    5.6793
    9.4023   33.8486    5.5780
    9.4231   33.8724    5.4784
    9.4436   33.8958    5.3805
    9.4637   33.9187    5.2843
    9.4836   33.9412    5.1898
    9.5031   33.9632    5.0971
    9.5222   33.9849    5.0059
    9.5412   34.0061    4.9162
    9.5598   34.0271    4.8279
    9.5781   34.0477    4.7409
    9.5962   34.0679    4.6554
    9.6140   34.0879    4.5712
    9.6315   34.1074    4.4884
    9.6487   34.1267    4.4070
    9.6657   34.1455    4.3270
    9.6824   34.1641    4.2484
    9.6988   34.1823    4.1712
    9.7149   34.2001    4.0954
    9.7308   34.2176    4.0210
    9.7463   34.2348    3.9480
    9.7616   34.2516    3.8762
    9.7767   34.2682    3.8057
    9.7915   34.2844    3.7363
    9.8061   34.3004    3.6682
    9.8193   34.3149    3.6065
    9.8193   34.3149    3.6065
    9.8193   34.3149    3.6065
    9.8193   34.3149    3.6065
    9.8193   34.3149    3.6065
    9.8193   34.3149    3.6065
    9.8193   34.3149    3.6065
    9.8193   34.3149    3.6065
    9.8193   34.3149    3.6065
    9.8193   34.3149    3.6065
    9.8193   34.3149    3.6065
    9.8193   34.3149    3.6065
    9.8193   34.3149    3.6065
    9.8193   34.3149    3.6065
    9.8193   34.3149    3.6065
    9.8193   34.3149    3.6065
    9.8193   34.3149    3.6065
    9.8193   34.3149    3.6065
    9.8193   34.3149    3.6065
    9.8193   34.3149    3.6065
    9.8193   34.3149    3.6065
    9.8193   34.3149    3.6065
    9.8193   34.3149    3.6065
    9.8193   34.3149    3.6065
    9.8193   34.3149    3.6065
    9.8193   34.3149    3.6065
    9.8193   34.3149    3.6065
    9.8193   34.3149    3.6065
    9.8193   34.3149    3.6065
    9.8193   34.3149    3.6065
    9.8193   34.3149    3.6065
    9.8193   34.3149    3.6065
    9.8193   34.3149    3.6065
    9.8193   34.3149    3.6065
    9.8193   34.3149    3.6065
    9.8193   34.3149    3.6065
    9.8193   34.3149    3.6065
    9.8193   34.3149    3.6065
    9.8193   34.3149    3.6065
    9.8193   34.3149    3.6065
    9.8193   34.3149    3.6065
    9.8193   34.3149    3.6065
    9.8193   34.3149    3.6065
    9.8193   34.3149    3.6065
    9.8193   34.3149    3.6065
    9.8193   34.3149    3.6065
    9.8193   34.3149    3.6065
    9.8193   34.3149    3.6065
    9.8193   34.3149    3.6065
    9.8193   34.3149    3.6065
    9.8193   34.3149    3.6065
    9.8193   34.3149    3.6065
    3.0000         0  100.0000
    3.0571    0.4286   98.8817
    3.1138    0.8573   97.7641
    3.1700    1.2863   96.6469
    3.2258    1.7145   95.5324
    3.2811    2.1418   94.4210
    3.3359    2.5683   93.3125
    3.3903    2.9942   92.2062
    3.4442    3.4184   91.1050
    3.4977    3.8406   90.0096
    3.5506    4.2607   88.9199
    3.6031    4.6787   87.8361
    3.6552    5.0946   86.7580
    3.7068    5.5090   85.6845
    3.7579    5.9203   84.6194
    3.8085    6.3284   83.5627
    3.8587    6.7332   82.5143
    3.9084    7.1350   81.4744
    3.9576    7.5335   80.4427
    4.0064    7.9289   79.4195
    4.0546    8.3216   78.4035
    4.1025    8.7106   77.3971
    4.1499    9.0956   76.4009
    4.1968    9.4767   75.4149
    4.2432    9.8538   74.4391
    4.2892   10.2269   73.4734
    4.3348   10.5961   72.5180
    4.3798   10.9613   71.5727
    4.4245   11.3227   70.6373
    4.4686   11.6804   69.7114
    4.5124   12.0339   68.7965
    4.5557   12.3830   67.8924
    4.5985   12.7279   66.9992
    4.6409   13.0685   66.1168
    4.6829   13.4048   65.2454
    4.7245   13.7368   64.3849
    4.7656   14.0645   63.5352
    4.8063   14.3880   62.6964
    4.8465   14.7072   61.8685
    4.8863   15.0223   61.0509
    4.9257   15.3333   60.2438
    4.9647   15.6402   59.4472
    5.0033   15.9429   58.6612
    5.0415   16.2414   57.8856
    5.0793   16.5358   57.1206
    5.1167   16.8260   56.3661
    5.1537   17.1121   55.6221
    5.1903   17.3940   54.8886
    5.2265   17.6718   54.1656
    5.2623   17.9454   53.4531
    5.2977   18.2148   52.7514
    5.3327   18.4803   52.0593
    5.3673   18.7422   51.3766
    5.4016   19.0004   50.7032
    5.4355   19.2549   50.0390
    5.4691   19.5058   49.3842
    5.5023   19.7530   48.7387
    5.5352   19.9965   48.1024
    5.5677   20.2363   47.4755
    5.5999   20.4725   46.8579
    5.6317   20.7050   46.2496
    5.6631   20.9338   45.6505
    5.6942   21.1589   45.0608
    5.7249   21.3803   44.4807
    5.7553   21.5979   43.9100
    5.7853   21.8126   43.3469
    5.8151   22.0242   42.7914
    5.8445   22.2328   42.2436
    5.8737   22.4384   41.7034
    5.9025   22.6410   41.1709
    5.9310   22.8406   40.6461
    5.9593   23.0372   40.1289
    5.9872   23.2307   39.6194
    6.0148   23.4213   39.1175
    6.0421   23.6088   38.6232
    6.0691   23.7933   38.1366
    6.0958   23.9749   37.6577
    6.1222   24.1534   37.1864
    6.1483   24.3287   36.7233
    6.1740   24.5010   36.2676
    6.1996   24.6710   35.8179
    6.2248   24.8387   35.3743
    6.2498   25.0040   34.9367
    6.2746   25.1669   34.5052
    6.2991   25.3274   34.0797
    6.3233   25.4856   33.6602
    6.3473   25.6415   33.2468
    6.3710   25.7949   32.8395
    6.3945   25.9460   32.4381
    6.4177   26.0948   32.0429
    6.4406   26.2411   31.6536
    6.4633   26.3851   31.2704
    6.4857   26.5268   30.8933
    6.5079   26.6659   30.5227
    6.5298   26.8027   30.1579
    6.5515   26.9377   29.7977
    6.5730   27.0709   29.4423
    6.5943   27.2022   29.0915
    6.6154   27.3317   28.7456
    6.6362   27.4594   28.4043
    6.6568   27.5853   28.0677
    6.6773   27.7093   27.7359
    6.6975   27.8315   27.4088
    6.7174   27.9518   27.0864
    6.7372   28.0703   26.7687
    6.7568   28.1870   26.4557
    6.7761   28.3019   26.1475
    6.7952   28.4149   25.8439
    6.8141   28.5259   25.5456
    6.8328   28.6352   25.2516
    6.8513   28.7431   24.9613
    6.8697   28.8496   24.6747
    6.8878   28.9546   24.3917
    6.9058   29.0583   24.1124
    6.9236   29.1605   23.8368
    6.9412   29.2613   23.5649
    6.9586   29.3607   23.2967
    6.9759   29.4587   23.0321
    6.9930   29.5552   22.7713
    7.0099   29.6503   22.5141
    7.0266   29.7441   22.2605
    7.0431   29.8364   22.0107
    7.0595   29.9272   21.7646
    7.0757   30.0168   21.5220
    7.0917   30.1050   21.2826
    7.1075   30.1921   21.0464
    7.1232   30.2779   20.8134
    7.1387   30.3625   20.5836
    7.1541   30.4460   20.3569
    7.1693   30.5283   20.1331
    7.1844   30.6095   19.9123
    7.1993   30.6895   19.6945
    7.2140   30.7684   19.4795
    7.2286   30.8463   19.2674
    7.2431   30.9230   19.0581
    7.2574   30.9572   18.9648
    7.2718   30.9572   18.9648
    7.2861   30.9572   18.9648
    7.3004   30.9572   18.9648
    7.3147   30.9572   18.9648
    7.3290   30.9572   18.9648
    7.3434   30.9572   18.9648
    7.3577   30.9572   18.9648
    7.3720   30.9572   18.9648
    7.3863   30.9572   18.9648
    7.4006   30.9572   18.9648
    7.4150   30.9572   18.9648
    7.4293   30.9572   18.9648
    7.4436   30.9572   18.9648
    7.4579   30.9572   18.9648
    7.4579   30.9572   18.9648
    7.5111   31.0347   18.6715
    7.5640   31.1112   18.3812
    7.6164   31.1866   18.0942
    7.6684   31.2610   17.8104
    7.7200   31.3345   17.5299
    7.7712   31.4069   17.2525
    7.8222   31.4784   16.9778
    7.8727   31.5489   16.7063
    7.9228   31.6184   16.4381
    7.9724   31.6870   16.1730
    8.0215   31.7547   15.9112
    8.0702   31.8213   15.6527
    8.1184   31.8870   15.3973
    8.1661   31.9518   15.1452
    8.2133   32.0156   14.8964
    8.2601   32.0784   14.6507
    8.3064   32.1402   14.4083
    8.3523   32.2011   14.1691
    8.3977   32.2611   13.9332
    8.4426   32.3200   13.7005
    8.4871   32.3781   13.4708
    8.5311   32.4352   13.2442
    8.5747   32.4916   13.0205
    8.6177   32.5471   12.7999
    8.6603   32.6017   12.5823
    8.7024   32.6555   12.3676
    8.7439   32.7085   12.1560
    8.7850   32.7606   11.9474
    8.8256   32.8118   11.7418
    8.8658   32.8623   11.5391
    8.9054   32.9118   11.3395
    8.9445   32.9606   11.1429
    8.9832   33.0085   10.9493
    9.0214   33.0555   10.7587
    9.0591   33.1017   10.5711
    9.0963   33.1472   10.3861
    9.1331   33.1919   10.2037
    9.1694   33.2360   10.0240
    9.2052   33.2793    9.8470
    9.2406   33.3220    9.6725
    9.2755   33.3639    9.5008
    9.3099   33.4051    9.3316
    9.3439   33.4457    9.1652
    9.3773   33.4855    9.0013
    9.4104   33.5246    8.8401
    9.4429   33.5630    8.6816
    9.4750   33.6006    8.5257
    9.5066   33.6376    8.3726
    9.5378   33.6738    8.2219
    9.5685   33.7095    8.0736
    9.5988   33.7446    7.9274
    9.6287   33.7791    7.7836
    9.6582   33.8131    7.6419
    9.6872   33.8464    7.5026
    9.7159   33.8792    7.3654
    9.7441   33.9114    7.2306
    9.7718   33.9430    7.0979
    9.7992   33.9741    6.9676
    9.8261   34.0045    6.8395
    9.8526   34.0344    6.7136
    9.8787   34.0637    6.5900
    9.9043   34.0924    6.4687
    9.9296   34.1206    6.3495
    9.9544   34.1483    6.2321
    9.9789   34.1755    6.1166
   10.0031   34.2023    6.0030
   10.0269   34.2286    5.8912
   10.0503   34.2544    5.7813
   10.0733   34.2798    5.6733
   10.0960   34.3047    5.5671
   10.1183   34.3292    5.4628
   10.1402   34.3532    5.3604
   10.1618   34.3767    5.2598
   10.1830   34.3997    5.1611
   10.2038   34.4223    5.0643
   10.2242   34.4444    4.9694
   10.2444   34.4661    4.8760
   10.2642   34.4875    4.7842
   10.2837   34.5085    4.6938
   10.3029   34.5291    4.6050
   10.3218   34.5493    4.5177
   10.3404   34.5692    4.4319
   10.3587   34.5887    4.3477
   10.3766   34.6079    4.2650
   10.3943   34.6266    4.1838
   10.4116   34.6451    4.1041
   10.4286   34.6631    4.0259
   10.4453   34.6807    3.9493
   10.4617   34.6981    3.8742
   10.4779   34.7150    3.8003
   10.4937   34.7317    3.7279
   10.5093   34.7481    3.6567
   10.5221   34.7615    3.5981
   10.5221   34.7615    3.5981
   10.5221   34.7615    3.5981
   10.5221   34.7615    3.5981
   10.5221   34.7615    3.5981
   10.5221   34.7615    3.5981
   10.5221   34.7615    3.5981
   10.5221   34.7615    3.5981
   10.5221   34.7615    3.5981
   10.5221   34.7615    3.5981
   10.5221   34.7615    3.5981
   10.5221   34.7615    3.5981
   10.5221   34.7615    3.5981
   10.5221   34.7615    3.5981
   10.5221   34.7615    3.5981
   10.5221   34.7615    3.5981
   10.5221   34.7615    3.5981
   10.5221   34.7615    3.5981
   10.5221   34.7615    3.5981
   10.5221   34.7615    3.5981
   10.5221   34.7615    3.5981
   10.5221   34.7615    3.5981
   10.5221   34.7615    3.5981
   10.5221   34.7615    3.5981
   10.5221   34.7615    3.5981
   10.5221   34.7615    3.5981
   10.5221   34.7615    3.5981
   10.5221   34.7615    3.5981
   10.5221   34.7615    3.5981
   10.5221   34.7615    3.5981
   10.5221   34.7615    3.5981
   10.5221   34.7615    3.5981
   10.5221   34.7615    3.5981
   10.5221   34.7615    3.5981
   10.5221   34.7615    3.5981
   10.5221   34.7615    3.5981
   10.5221   34.7615    3.5981
   10.5221   34.7615    3.5981
   10.5221   34.7615    3.5981
   10.5221   34.7615    3.5981
   10.5221   34.7615    3.5981
   10.5221   34.7615    3.5981
   10.5221   34.7615    3.5981
   10.5221   34.7615    3.5981
   10.5221   34.7615    3.5981
   10.5221   34.7615    3.5981
   10.5221   34.7615    3.5981
   10.5221   34.7615    3.5981
   10.5221   34.7615    3.5981
   10.5221   34.7615    3.5981
   10.5221   34.7615    3.5981
   10.5221   34.7615    3.5981
   10.5221   34.7615    3.5981
   10.5221   34.7615    3.5981
   10.5221   34.7615    3.5981
   10.5221   34.7615    3.5981
   10.5221   34.7615    3.5981
    4.0000         0  100.0000
    4.0571    0.5685   98.5566
    4.1135    1.1315   97.1270
    4.1694    1.6887   95.7124
    4.2248    2.2398   94.3130
    4.2795    2.7850   92.9285
    4.3337    3.3240   91.5598
    4.3873    3.8564   90.2076
    4.4403    4.3822   88.8720
    4.4927    4.9014   87.5530
    4.5446    5.4143   86.2500
    4.5959    5.9203   84.9640
    4.6466    6.4193   83.6955
    4.6968    6.9114   82.4444
    4.7464    7.3965   81.2106
    4.7955    7.8746   79.9943
    4.8440    8.3459   78.7950
    4.8920    8.8104   77.6129
    4.9394    9.2678   76.4481
    4.9863    9.7183   75.3007
    5.0327   10.1618   74.1706
    5.0786   10.5984   73.0579
    5.1239   11.0279   71.9625
    5.1686   11.4505   70.8845
    5.2129   11.8663   69.8234
    5.2566   12.2755   68.7787
    5.2999   12.6781   67.7502
    5.3427   13.0742   66.7380
    5.3849   13.4638   65.7422
    5.4267   13.8468   64.7626
    5.4680   14.2232   63.7994
    5.5088   14.5931   62.8525
    5.5491   14.9562   61.9221
    5.5889   15.3131   61.0074
    5.6283   15.6643   60.1071
    5.6672   16.0096   59.2213
    5.7056   16.3491   58.3498
    5.7437   16.6829   57.4927
    5.7812   17.0108   56.6501
    5.8184   17.3330   55.8218
    5.8551   17.6494   55.0080
    5.8913   17.9600   54.2086
    5.9271   18.2648   53.4236
    5.9624   18.5635   52.6538
    5.9974   18.8573   51.8961
    6.0319   19.1464   51.1503
    6.0661   19.4306   50.4166
    6.0998   19.7101   49.6947
    6.1332   19.9848   48.9849
    6.1662   20.2547   48.2870
    6.1988   20.5198   47.6011
    6.2310   20.7801   46.9272
    6.2629   21.0357   46.2653
    6.2943   21.2864   45.6153
    6.3253   21.5323   44.9773
    6.3560   21.7729   44.3527
    6.3862   22.0096   43.7378
    6.4162   22.2425   43.1324
    6.4458   22.4717   42.5363
    6.4751   22.6972   41.9495
    6.5041   22.9190   41.3722
    6.5328   23.1370   40.8042
    6.5611   23.3513   40.2456
    6.5891   23.5619   39.6963
    6.6167   23.7687   39.1564
    6.6440   23.9719   38.6259
    6.6710   24.1713   38.1047
    6.6977   24.3669   37.5929
    6.7240   24.5589   37.0905
    6.7500   24.7466   36.5986
    6.7757   24.9311   36.1148
    6.8012   25.1129   35.6381
    6.8263   25.2918   35.1684
    6.8512   25.4680   34.7057
    6.8758   25.6414   34.2502
    6.9001   25.8120   33.8016
    6.9242   25.9798   33.3602
    6.9480   26.1448   32.9258
    6.9715   26.3071   32.4984
    6.9948   26.4665   32.0781
    7.0177   26.6232   31.6649
    7.0405   26.7771   31.2587
    7.0629   26.9282   30.8596
    7.0851   27.0765   30.4675
    7.1069   27.2216   30.0835
    7.1286   27.3644   29.7053
    7.1500   27.5052   29.3324
    7.1712   27.6438   28.9648
    7.1921   27.7805   28.6025
    7.2129   27.9150   28.2454
    7.2334   28.0475   27.8937
    7.2537   28.1779   27.5472
    7.2738   28.3062   27.2060
    7.2937   28.4325   26.8702
    7.3133   28.5567   26.5396
    7.3327   28.6788   26.2142
    7.3519   28.7989   25.8942
    7.3708   28.9169   25.5795
    7.3896   29.0328   25.2700
    7.4081   29.1463   24.9667
    7.4264   29.2582   24.6676
    7.4445   29.3685   24.3724
    7.4625   29.4773   24.0813
    7.4802   29.5845   23.7941
    7.4978   29.6901   23.5110
    7.5152   29.7943   23.2318
    7.5324   29.8968   22.9567
    7.5494   29.9979   22.6855
    7.5663   30.0973   22.4183
    7.5829   30.1953   22.1552
    7.5994   30.2916   21.8960
    7.6157   30.3865   21.6408
    7.6318   30.4797   21.3896
    7.6478   30.5715   21.1424
    7.6635   30.6617   20.8989
    7.6791   30.7507   20.6589
    7.6945   30.8384   20.4222
    7.7098   30.9247   20.1889
    7.7249   31.0098   19.9590
    7.7398   31.0936   19.7324
    7.7546   31.1762   19.5088
    7.7692   31.2575   19.2885
    7.7837   31.3377   19.0712
    7.7980   31.3784   18.9610
    7.8123   31.3784   18.9610
    7.8266   31.3784   18.9610
    7.8410   31.3784   18.9610
    7.8553   31.3784   18.9610
    7.8696   31.3784   18.9610
    7.8839   31.3784   18.9610
    7.8982   31.3784   18.9610
    7.9126   31.3784   18.9610
    7.9269   31.3784   18.9610
    7.9412   31.3784   18.9610
    7.9555   31.3784   18.9610
    7.9698   31.3784   18.9610
    7.9841   31.3784   18.9610
    7.9985   31.3784   18.9610
    8.0128   31.3784   18.9610
    8.0271   31.3784   18.9610
    8.0414   31.3784   18.9610
    8.0557   31.3784   18.9610
    8.0701   31.3784   18.9610
    8.0844   31.3784   18.9610
    8.0987   31.3784   18.9610
    8.1130   31.3784   18.9610
    8.1273   31.3784   18.9610
    8.1416   31.3784   18.9610
    8.1560   31.3784   18.9610
    8.1703   31.3784   18.9610
    8.1703   31.3784   18.9610
    8.2285   31.4606   18.6459
    8.2863   31.5416   18.3345
    8.3436   31.6215   18.0270
    8.4004   31.7001   17.7233
    8.4566   31.7775   17.4235
    8.5123   31.8538   17.1276
    8.5678   31.9289   16.8351
    8.6226   32.0029   16.5463
    8.6769   32.0757   16.2614
    8.7306   32.1475   15.9802
    8.7838   32.2181   15.7028
    8.8364   32.2877   15.4292
    8.8884   32.3561   15.1594
    8.9399   32.4234   14.8934
    8.9908   32.4896   14.6312
    9.0411   32.5546   14.3727
    9.0909   32.6186   14.1181
    9.1401   32.6815   13.8672
    9.1887   32.7432   13.6202
    9.2368   32.8038   13.3768
    9.2844   32.8635   13.1369
    9.3314   32.9222   12.9004
    9.3778   32.9799   12.6674
    9.4236   33.0367   12.4378
    9.4689   33.0925   12.2116
    9.5136   33.1474   11.9889
    9.5577   33.2013   11.7697
    9.6012   33.2543   11.5539
    9.6442   33.3063   11.3415
    9.6865   33.3574   11.1326
    9.7283   33.4075   10.9272
    9.7696   33.4566   10.7252
    9.8102   33.5047   10.5267
    9.8504   33.5521   10.3313
    9.8900   33.5986   10.1388
    9.9290   33.6443    9.9493
    9.9675   33.6893    9.7629
   10.0055   33.7335    9.5794
   10.0429   33.7768    9.3989
   10.0798   33.8194    9.2214
   10.1161   33.8612    9.0469
   10.1519   33.9022    8.8754
   10.1871   33.9424    8.7069
   10.2218   33.9818    8.5414
   10.2560   34.0205    8.3789
   10.2896   34.0583    8.2195
   10.3227   34.0954    8.0627
   10.3554   34.1318    7.9085
   10.3875   34.1677    7.7567
   10.4192   34.2029    7.6075
   10.4504   34.2374    7.4608
   10.4811   34.2713    7.3166
   10.5113   34.3046    7.1750
   10.5410   34.3372    7.0358
   10.5702   34.3692    6.8992
   10.5990   34.4006    6.7651
   10.6272   34.4313    6.6336
   10.6550   34.4614    6.5045
   10.6823   34.4908    6.3781
   10.7091   34.5197    6.2539
   10.7356   34.5480    6.1317
   10.7616   34.5759    6.0116
   10.7872   34.6032    5.8936
   10.8124   34.6300    5.7776
   10.8371   34.6563    5.6637
   10.8615   34.6821    5.5520
   10.8854   34.7074    5.4422
   10.9089   34.7322    5.3346
   10.9320   34.7565    5.2290
   10.9546   34.7803    5.1256
   10.9768   34.8035    5.0242
   10.9987   34.8262    4.9250
   11.0201   34.8485    4.8274
   11.0412   34.8704    4.7315
   11.0620   34.8920    4.6373
   11.0824   34.9131    4.5448
   11.1025   34.9338    4.4540
   11.1222   34.9541    4.3648
   11.1415   34.9740    4.2774
   11.1605   34.9935    4.1916
   11.1791   35.0126    4.1076
   11.1974   35.0313    4.0252
   11.2154   35.0495    3.9445
   11.2330   35.0674    3.8654
   11.2502   35.0850    3.7879
   11.2672   35.1022    3.7119
   11.2838   35.1190    3.6374
   11.2914   35.1267    3.6033
   11.2917   35.1269    3.6021
   11.2914   35.1266    3.6035
   11.2912   35.1265    3.6043
   11.2916   35.1269    3.6025
   11.2918   35.1271    3.6016
   11.2918   35.1270    3.6018
   11.2915   35.1268    3.6030
   11.2911   35.1264    3.6046
   11.2916   35.1268    3.6026
   11.2918   35.1271    3.6016
   11.2918   35.1271    3.6015
   11.2916   35.1269    3.6025
   11.2912   35.1264    3.6045
   11.2915   35.1268    3.6027
   11.2918   35.1271    3.6015
   11.2919   35.1271    3.6013
   11.2917   35.1270    3.6021
   11.2913   35.1266    3.6038
   11.2915   35.1268    3.6029
   11.2918   35.1271    3.6015
   11.2919   35.1272    3.6011
   11.2918   35.1271    3.6017
   11.2914   35.1267    3.6032
   11.2915   35.1267    3.6031
   11.2918   35.1271    3.6015
   11.2919   35.1272    3.6009
   11.2919   35.1271    3.6013
   11.2915   35.1268    3.6027
   11.2914   35.1267    3.6034
   11.2918   35.1271    3.6016
   11.2920   35.1273    3.6008
   11.2919   35.1272    3.6010
   11.2917   35.1269    3.6022
   11.2913   35.1266    3.6037
   11.2918   35.1271    3.6017
   11.2920   35.1273    3.6007
   11.2920   35.1273    3.6007
   11.2918   35.1271    3.6017
   11.2913   35.1266    3.6037
   11.2917   35.1270    3.6019
   11.2920   35.1273    3.6007
   11.2920   35.1273    3.6005
   11.2919   35.1271    3.6013
   11.2915   35.1267    3.6031
   11.2917   35.1270    3.6020
   11.2920   35.1273    3.6007
   11.2921   35.1274    3.6003
   11.2919   35.1272    3.6009
   11.2916   35.1269    3.6025
   11.2916   35.1269    3.6022
   11.2920   35.1273    3.6007
   11.2921   35.1274    3.6001
   11.2920   35.1273    3.6005
   11.2917   35.1270    3.6020
   11.2916   35.1269    3.6025
   11.2920   35.1273    3.6007
   11.2921   35.1274    3.6000
   11.2921   35.1274    3.6002
   11.2918   35.1271    3.6014
   11.2915   35.1268    3.6028
   11.2914   35.1267    3.6032
    5.0000         0  100.0000
    5.0570    0.7076   98.2332
    5.1133    1.4024   96.4975
    5.1689    2.0845   94.7930
    5.2237    2.7539   93.1196
    5.2779    3.4107   91.4767
    5.3314    4.0551   89.8643
    5.3842    4.6870   88.2824
    5.4364    5.3064   86.7310
    5.4878    5.9138   85.2090
    5.5386    6.5093   83.7160
    5.5888    7.0930   82.2519
    5.6383    7.6649   80.8167
    5.6871    8.2248   79.4105
    5.7353    8.7732   78.0326
    5.7829    9.3108   76.6812
    5.8299    9.8376   75.3562
    5.8763   10.3535   74.0576
    5.9220   10.8587   72.7854
    5.9672   11.3531   71.5396
    6.0117   11.8364   70.3208
    6.0557   12.3100   69.1261
    6.0991   12.7740   67.9545
    6.1419   13.2287   66.8060
    6.1842   13.6740   65.6806
    6.2259   14.1098   64.5782
    6.2671   14.5362   63.4990
    6.3077   14.9532   62.4429
    6.3477   15.3604   61.4108
    6.3872   15.7595   60.3986
    6.4263   16.1507   59.4056
    6.4648   16.5341   58.4319
    6.5029   16.9097   57.4775
    6.5404   17.2775   56.5423
    6.5775   17.6375   55.6263
    6.6140   17.9896   54.7297
    6.6501   18.3339   53.8522
    6.6856   18.6698   52.9953
    6.7207   18.9988   52.1557
    6.7554   19.3215   51.3314
    6.7896   19.6381   50.5223
    6.8234   19.9485   49.7285
    6.8568   20.2527   48.9500
    6.8898   20.5507   48.1867
    6.9223   20.8426   47.4388
    6.9544   21.1283   46.7061
    6.9861   21.4078   45.9887
    7.0173   21.6811   45.2866
    7.0481   21.9476   44.6014
    7.0785   22.2086   43.9296
    7.1086   22.4650   43.2694
    7.1383   22.7168   42.6208
    7.1676   22.9639   41.9836
    7.1966   23.2064   41.3580
    7.2252   23.4443   40.7439
    7.2535   23.6775   40.1414
    7.2814   23.9061   39.5503
    7.3090   24.1301   38.9709
    7.3362   24.3494   38.4029
    7.3630   24.5641   37.8465
    7.3895   24.7742   37.3016
    7.4156   24.9790   36.7697
    7.4414   25.1799   36.2478
    7.4669   25.3773   35.7342
    7.4921   25.5715   35.2291
    7.5170   25.7623   34.7325
    7.5416   25.9497   34.2442
    7.5660   26.1337   33.7644
    7.5900   26.3144   33.2930
    7.6137   26.4918   32.8301
    7.6372   26.6657   32.3756
    7.6604   26.8364   31.9295
    7.6832   27.0036   31.4918
    7.7058   27.1675   31.0626
    7.7281   27.3281   30.6418
    7.7501   27.4847   30.2308
    7.7718   27.6385   29.8269
    7.7933   27.7899   29.4292
    7.8145   27.9388   29.0376
    7.8355   28.0854   28.6520
    7.8563   28.2295   28.2726
    7.8769   28.3713   27.8993
    7.8972   28.5106   27.5320
    7.9172   28.6475   27.1709
    7.9371   28.7820   26.8159
    7.9567   28.9142   26.4670
    7.9761   29.0438   26.1241
    7.9952   29.1711   25.7874
    8.0141   29.2960   25.4568
    8.0327   29.4185   25.1323
    8.0511   29.5381   24.8148
    8.0693   29.6558   24.5024
    8.0874   29.7718   24.1944
    8.1052   29.8860   23.8909
    8.1228   29.9985   23.5918
    8.1402   30.1092   23.2971
    8.1575   30.2182   23.0069
    8.1746   30.3255   22.7212
    8.1914   30.4310   22.4399
    8.2081   30.5348   22.1631
    8.2246   30.6368   21.8907
    8.2409   30.7371   21.6228
    8.2570   30.8357   21.3593
    8.2729   30.9325   21.1003
    8.2886   31.0276   20.8457
    8.3042   31.1210   20.5953
    8.3196   31.2130   20.3487
    8.3348   31.3036   20.1057
    8.3498   31.3927   19.8665
    8.3647   31.4804   19.6310
    8.3794   31.5666   19.3991
    8.3939   31.6516   19.1706
    8.4083   31.7241   18.9755
    8.4226   31.7241   18.9755
    8.4370   31.7241   18.9755
    8.4513   31.7241   18.9755
    8.4656   31.7241   18.9755
    8.4799   31.7241   18.9755
    8.4943   31.7241   18.9755
    8.5086   31.7241   18.9755
    8.5229   31.7241   18.9755
    8.5373   31.7241   18.9755
    8.5516   31.7241   18.9755
    8.5659   31.7241   18.9755
    8.5802   31.7241   18.9755
    8.5946   31.7241   18.9755
    8.6089   31.7241   18.9755
    8.6232   31.7241   18.9755
    8.6376   31.7241   18.9755
    8.6519   31.7241   18.9755
    8.6662   31.7241   18.9755
    8.6805   31.7241   18.9755
    8.6949   31.7241   18.9755
    8.7092   31.7241   18.9755
    8.7235   31.7241   18.9755
    8.7379   31.7241   18.9755
    8.7522   31.7241   18.9755
    8.7665   31.7241   18.9755
    8.7808   31.7241   18.9755
    8.7952   31.7241   18.9755
    8.8095   31.7241   18.9755
    8.8238   31.7241   18.9755
    8.8382   31.7241   18.9755
    8.8525   31.7241   18.9755
    8.8668   31.7241   18.9755
    8.8811   31.7241   18.9755
    8.8955   31.7241   18.9755
    8.9098   31.7241   18.9755
    8.9241   31.7241   18.9755
    8.9385   31.7241   18.9755
    8.9385   31.7241   18.9755
    9.0022   31.8117   18.6361
    9.0653   31.8979   18.3012
    9.1279   31.9827   17.9709
    9.1897   32.0661   17.6453
    9.2510   32.1481   17.3243
    9.3116   32.2287   17.0080
    9.3718   32.3078   16.6959
    9.4312   32.3857   16.3883
    9.4900   32.4623   16.0851
    9.5482   32.5376   15.7864
    9.6056   32.6116   15.4921
    9.6624   32.6843   15.2022
    9.7184   32.7557   14.9169
    9.7738   32.8258   14.6359
    9.8285   32.8947   14.3594
    9.8826   32.9622   14.0874
    9.9359   33.0285   13.8198
    9.9886   33.0934   13.5566
   10.0406   33.1571   13.2979
   10.0920   33.2196   13.0432
   10.1427   33.2810   12.7925
   10.1927   33.3414   12.5457
   10.2420   33.4007   12.3029
   10.2907   33.4589   12.0641
   10.3386   33.5160   11.8292
   10.3859   33.5720   11.5983
   10.4325   33.6269   11.3714
   10.4785   33.6807   11.1484
   10.5238   33.7335   10.9294
   10.5683   33.7852   10.7144
   10.6123   33.8357   10.5034
   10.6555   33.8852   10.2961
   10.6982   33.9339   10.0922
   10.7402   33.9816    9.8918
   10.7816   34.0285    9.6947
   10.8224   34.0745    9.5010
   10.8625   34.1196    9.3107
   10.9020   34.1638    9.1238
   10.9409   34.2072    8.9403
   10.9791   34.2496    8.7602
   11.0168   34.2912    8.5835
   11.0538   34.3318    8.4103
   11.0901   34.3716    8.2405
   11.1259   34.4105    8.0740
   11.1610   34.4486    7.9104
   11.1957   34.4861    7.7496
   11.2297   34.5228    7.5917
   11.2633   34.5589    7.4365
   11.2962   34.5942    7.2843
   11.3286   34.6288    7.1348
   11.3605   34.6627    6.9883
   11.3917   34.6959    6.8445
   11.4225   34.7284    6.7036
   11.4526   34.7601    6.5655
   11.4822   34.7912    6.4303
   11.5113   34.8215    6.2980
   11.5399   34.8513    6.1680
   11.5680   34.8804    6.0404
   11.5956   34.9091    5.9151
   11.6227   34.9371    5.7921
   11.6494   34.9646    5.6714
   11.6756   34.9915    5.5531
   11.7013   35.0179    5.4371
   11.7265   35.0437    5.3234
   11.7512   35.0689    5.2120
   11.7755   35.0936    5.1030
   11.7993   35.1177    4.9963
   11.8226   35.1413    4.8920
   11.8455   35.1643    4.7896
   11.8680   35.1870    4.6891
   11.8901   35.2092    4.5905
   11.9118   35.2309    4.4937
   11.9331   35.2522    4.3988
   11.9540   35.2731    4.3058
   11.9745   35.2935    4.2147
   11.9947   35.3135    4.1255
   12.0144   35.3330    4.0381
   12.0337   35.3521    3.9526
   12.0526   35.3708    3.8690
   12.0711   35.3890    3.7872
   12.0893   35.4069    3.7070
   12.1071   35.4243    3.6284
   12.1131   35.4302    3.6020
   12.1131   35.4302    3.6020
   12.1131   35.4302    3.6020
   12.1131   35.4302    3.6020
   12.1131   35.4302    3.6020
   12.1131   35.4302    3.6020
   12.1131   35.4302    3.6020
   12.1131   35.4302    3.6020
   12.1131   35.4302    3.6020
   12.1131   35.4302    3.6020
   12.1131   35.4302    3.6020
   12.1131   35.4302    3.6020
   12.1131   35.4302    3.6020
   12.1131   35.4302    3.6020
   12.1131   35.4302    3.6020
   12.1131   35.4302    3.6020
   12.1131   35.4302    3.6020
   12.1131   35.4302    3.6020
   12.1131   35.4302    3.6020
   12.1131   35.4302    3.6020
   12.1131   35.4302    3.6020
   12.1131   35.4302    3.6020
   12.1131   35.4302    3.6020
   12.1131   35.4302    3.6020
   12.1131   35.4302    3.6020
   12.1131   35.4302    3.6020
   12.1131   35.4302    3.6020
   12.1131   35.4302    3.6020
   12.1131   35.4302    3.6020
   12.1131   35.4302    3.6020
   12.1131   35.4302    3.6020
   12.1131   35.4302    3.6020
   12.1131   35.4302    3.6020
   12.1131   35.4302    3.6020
   12.1131   35.4302    3.6020
   12.1131   35.4302    3.6020
   12.1131   35.4302    3.6020
   12.1131   35.4302    3.6020
   12.1131   35.4302    3.6020
   12.1131   35.4302    3.6020
   12.1131   35.4302    3.6020
   12.1131   35.4302    3.6020
   12.1131   35.4302    3.6020
   12.1131   35.4302    3.6020
   12.1131   35.4302    3.6020
   12.1131   35.4302    3.6020
   12.1131   35.4302    3.6020
   12.1131   35.4302    3.6020
   12.1131   35.4302    3.6020
   12.1131   35.4302    3.6020
   12.1131   35.4302    3.6020
   12.1131   35.4302    3.6020
   12.1131   35.4302    3.6020
   12.1131   35.4302    3.6020
   12.1131   35.4302    3.6020
   12.1131   35.4302    3.6020
   12.1131   35.4302    3.6020
   12.1131   35.4302    3.6020
   12.1131   35.4302    3.6020
   12.1131   35.4302    3.6020
   12.1131   35.4302    3.6020
   12.1131   35.4302    3.6020
   12.1131   35.4302    3.6020
   12.1131   35.4302    3.6020
   12.1131   35.4302    3.6020
   12.1131   35.4302    3.6020
   12.1131   35.4302    3.6020