         0         0  100.0000
    0.0573    0.0041   99.8685
    0.1146    0.0163   99.7181
    0.1718    0.0367   99.5490
    0.2289    0.0652   99.3612
    0.2860    0.1017   99.1550
    0.3430    0.1462   98.9304
    0.3998    0.1986   98.6873
    0.4566    0.2588   98.4266
    0.5133    0.3267   98.1483
    0.5698    0.4022   97.8524
    0.6262    0.4854   97.5387
    0.6825    0.5762   97.2079
    0.7386    0.6739   96.8611
    0.7946    0.7788   96.4982
    0.8505    0.8907   96.1192
    0.9061    1.0096   95.7241
    0.9617    1.1359   95.3122
    1.0170    1.2686   94.8858
    1.0722    1.4074   94.4456
    1.1272    1.5523   93.9917
    1.1819    1.7033   93.5241
    1.2365    1.8603   93.0428
    1.2909    2.0235   92.5478
    1.3451    2.1932   92.0377
    1.3990    2.3680   91.5162
    1.4528    2.5476   90.9844
    1.5062    2.7319   90.4420
    1.5595    2.9209   89.8892
    1.6125    3.1146   89.3259
    1.6653    3.3131   88.7521
    1.7178    3.5162   88.1679
    1.7701    3.7249   87.5714
    1.8221    3.9372   86.9668
    1.8739    4.1527   86.3556
    1.9253    4.3713   85.7378
    1.9765    4.5929   85.1135
    2.0275    4.8175   84.4827
    2.0781    5.0453   83.8453
    2.1284    5.2761   83.2014
    2.1785    5.5100   82.5509
    2.2283    5.7476   81.8925
    2.2778    5.9880   81.2279
    2.3270    6.2298   80.5609
    2.3759    6.4730   79.8914
    2.4245    6.7175   79.2195
    2.4727    6.9633   78.5451
    2.5207    7.2105   77.8683
    2.5683    7.4590   77.1890
    2.6156    7.7089   76.5072
    2.6626    7.9601   75.8230
    2.7093    8.2126   75.1363
    2.7557    8.4676   74.4446
    2.8018    8.7226   73.7536
    2.8475    8.9774   73.0639
    2.8929    9.2319   72.3752
    2.9380    9.4863   71.6878
    2.9827    9.7405   71.0015
    3.0271    9.9945   70.3163
    3.0712   10.2483   69.6323
    3.1149   10.5019   68.9495
    3.1583   10.7553   68.2679
    3.2014   11.0085   67.5874
    3.2441   11.2619   66.9072
    3.2865   11.5155   66.2272
    3.3286   11.7678   65.5510
    3.3703   12.0187   64.8787
    3.4117   12.2683   64.2101
    3.4528   12.5166   63.5452
    3.4935   12.7636   62.8842
    3.5339   13.0093   62.2270
    3.5739   13.2536   61.5735
    3.6137   13.4966   60.9239
    3.6530   13.7383   60.2780
    3.6921   13.9787   59.6359
    3.7308   14.2178   58.9976
    3.7692   14.4558   58.3624
    3.8072   14.6928   57.7303
    3.8449   14.9279   57.1033
    3.8823   15.1611   56.4815
    3.9194   15.3923   55.8649
    3.9561   15.6216   55.2534
    3.9926   15.8489   54.6472
    4.0287   16.0743   54.0462
    4.0644   16.2978   53.4504
    4.0999   16.5193   52.8598
    4.1350   16.7389   52.2743
    4.1698   16.9566   51.6941
    4.2043   17.1723   51.1191
    4.2385   17.3861   50.5492
    4.2723   17.5979   49.9846
    4.3058   17.8081   49.4245
    4.3390   18.0162   48.8698
    4.3720   18.2223   48.3205
    4.4046   18.4263   47.7767
    4.4369   18.6282   47.2384
    4.4689   18.8280   46.7055
    4.5006   19.0258   46.1782
    4.5320   19.2214   45.6563
    4.5632   19.4150   45.1400
    4.5940   19.6065   44.6291
    4.6245   19.7959   44.1237
    4.6548   19.9832   43.6237
    4.6847   20.1684   43.1293
    4.7144   20.3515   42.6404
    4.7437   20.5325   42.1569
    4.7728   20.7115   41.6788
    4.8015   20.8886   41.2059
    4.8300   21.0636   40.7381
    4.8583   21.2368   40.2754
    4.8863   21.4079   39.8178
    4.9140   21.5772   39.3653
    4.9414   21.7444   38.9178
    4.9686   21.9098   38.4755
    4.9955   22.0731   38.0383
    5.0222   22.2346   37.6062
    5.0486   22.3940   37.1792
    5.0747   22.5515   36.7573
    5.1006   22.7071   36.3405
    5.1262   22.8607   35.9288
    5.1515   23.0124   35.5222
    5.1766   23.1620   35.1209
    5.2014   23.3099   34.7241
    5.2260   23.4561   34.3318
    5.2503   23.6006   33.9439
    5.2745   23.7434   33.5604
    5.2984   23.8846   33.1814
    5.3220   24.0240   32.8069
    5.3455   24.1617   32.4368
    5.3687   24.2977   32.0711
    5.3916   24.4320   31.7099
    5.4144   24.5646   31.3531
    5.4369   24.6955   31.0008
    5.4592   24.8247   30.6530
    5.4812   24.9522   30.3095
    5.5030   25.0779   29.9706
    5.5246   25.2019   29.6363
    5.5460   25.3245   29.3058
    5.5672   25.4456   28.9791
    5.5881   25.5653   28.6561
    5.6089   25.6836   28.3369
    5.6295   25.8004   28.0215
    5.6499   25.9157   27.7098
    5.6700   26.0297   27.4019
    5.6900   26.1422   27.0978
    5.7098   26.2533   26.7974
    5.7294   26.3629   26.5008
    5.7487   26.4711   26.2080
    5.7679   26.5778   25.9189
    5.7869   26.6832   25.6337
    5.7869   26.6832   25.6337
    5.8414   26.7873   25.2755
    5.8957   26.8905   24.9199
    5.9498   26.9927   24.5671
    6.0038   27.0939   24.2171
    6.0574   27.1940   23.8699
    6.1109   27.2932   23.5256
    6.1645   27.3917   23.1826
    6.2177   27.4891   22.8427
    6.2706   27.5854   22.5061
    6.3232   27.6806   22.1727
    6.3755   27.7748   21.8425
    6.4274   27.8679   21.5155
    6.4791   27.9599   21.1918
    6.5304   28.0508   20.8712
    6.5813   28.1406   20.5538
    6.6320   28.2294   20.2397
    6.6823   28.3170   19.9288
    6.7323   28.4036   19.6210
    6.7820   28.4891   19.3165
    6.8313   28.5736   19.0152
    6.8805   28.6570   18.7166
    6.9292   28.7393   18.4215
    6.9775   28.8206   18.1297
    7.0254   28.9008   17.8412
    7.0728   28.9800   17.5560
    7.1199   29.0581   17.2743
    7.1665   29.1352   16.9958
    7.2128   29.2112   16.7207
    7.2586   29.2861   16.4490
    7.3040   29.3600   16.1806
    7.3489   29.4328   15.9155
    7.3935   29.5046   15.6538
    7.4376   29.5753   15.3954
    7.4814   29.6450   15.1404
    7.5247   29.7135   14.8887
    7.5677   29.7812   14.6401
    7.6102   29.8478   14.3947
    7.6522   29.9135   14.1524
    7.6938   29.9783   13.9134
    7.7349   30.0420   13.6776
    7.7756   30.1049   13.4449
    7.8158   30.1668   13.2154
    7.8555   30.2277   12.9892
    7.8949   30.2876   12.7661
    7.9337   30.3466   12.5462
    7.9721   30.4047   12.3294
    8.0101   30.4618   12.1159
    8.0476   30.5179   11.9056
    8.0846   30.5731   11.6985
    8.1213   30.6274   11.4943
    8.1575   30.6808   11.2930
    8.1932   30.7335   11.0945
    8.2285   30.7853   10.8989
    8.2633   30.8363   10.7062
    8.2977   30.8865   10.5163
    8.3317   30.9358   10.3292
    8.3652   30.9844   10.1451
    8.3983   31.0321    9.9637
    8.4309   31.0790    9.7853
    8.4630   31.1251    9.6097
    8.4948   31.1703    9.4369
    8.5260   31.2148    9.2671
    8.5569   31.2583    9.1001
    8.5873   31.3012    8.9357
    8.6173   31.3433    8.7738
    8.6469   31.3848    8.6143
    8.6761   31.4257    8.4573
    8.7049   31.4658    8.3028
    8.7332   31.5052    8.1507
    8.7612   31.5440    8.0010
    8.7887   31.5821    7.8538
    8.8159   31.6195    7.7091
    8.8426   31.6562    7.5668
    8.8689   31.6923    7.4270
    8.8948   31.7276    7.2897
    8.9203   31.7623    7.1549
    8.9454   31.7963    7.0225
    8.9701   31.8297    6.8921
    8.9945   31.8626    6.7639
    9.0184   31.8949    6.6377
    9.0421   31.9266    6.5135
    9.0654   31.9579    6.3914
    9.0883   31.9885    6.2714
    9.1108   32.0186    6.1534
    9.1330   32.0482    6.0375
    9.1548   32.0771    5.9236
    9.1763   32.1056    5.8118
    9.1974   32.1335    5.7020
    9.2182   32.1608    5.5943
    9.2385   32.1876    5.4886
    9.2586   32.2139    5.3848
    9.2783   32.2397    5.2828
    9.2977   32.2651    5.1826
    9.3168   32.2899    5.0842
    9.3355   32.3143    4.9875
    9.3540   32.3383    4.8926
    9.3601   32.3462    4.8611
    9.3601   32.3462    4.8611
    9.3601   32.3462    4.8611
    9.3601   32.3462    4.8611
    9.3601   32.3462    4.8611
    9.3601   32.3462    4.8611
    9.3601   32.3462    4.8611
    9.3601   32.3462    4.8611
    9.3601   32.3462    4.8611
    9.3601   32.3462    4.8611
    9.3601   32.3462    4.8611
    9.3601   32.3462    4.8611
    9.3601   32.3462    4.8611
    9.3601   32.3462    4.8611
    9.3601   32.3462    4.8611
    9.3601   32.3462    4.8611
    9.3601   32.3462    4.8611
    9.3601   32.3462    4.8611
    9.3601   32.3462    4.8611
    9.3601   32.3462    4.8611
    9.3601   32.3462    4.8611
    9.3601   32.3462    4.8611
    9.3601   32.3462    4.8611
    9.3601   32.3462    4.8611
    9.3601   32.3462    4.8611
    9.3601   32.3462    4.8611
    9.3601   32.3462    4.8611
    9.3601   32.3462    4.8611
    9.3601   32.3462    4.8611
    9.3601   32.3462    4.8611
    9.3601   32.3462    4.8611
    9.3601   32.3462    4.8611
    9.3601   32.3462    4.8611
    9.3601   32.3462    4.8611
    9.3601   32.3462    4.8611
    9.3601   32.3462    4.8611
    9.3601   32.3462    4.8611
    9.3601   32.3462    4.8611
    9.3601   32.3462    4.8611
    9.3601   32.3462    4.8611
    9.3601   32.3462    4.8611
    9.3601   32.3462    4.8611
    9.3601   32.3462    4.8611
    9.3601   32.3462    4.8611
    9.3601   32.3462    4.8611
    9.3601   32.3462    4.8611
    9.3601   32.3462    4.8611
    9.3601   32.3462    4.8611
    9.3601   32.3462    4.8611
    9.3601   32.3462    4.8611
    9.3601   32.3462    4.8611
    9.3601   32.3462    4.8611
    9.3601   32.3462    4.8611
         0    5.0000  100.0000
    0.0573    5.0036   99.8695
    0.1146    5.0145   99.7224
    0.1718    5.0327   99.5585
    0.2290    5.0582   99.3774
    0.2860    5.0908   99.1803
    0.3430    5.1303   98.9672
    0.3999    5.1768   98.7382
    0.4566    5.2302   98.4931
    0.5133    5.2906   98.2321
    0.5699    5.3580   97.9550
    0.6264    5.4332   97.6599
    0.6827    5.5145   97.3509
    0.7389    5.6018   97.0282
    0.7950    5.6953   96.6916
    0.8509    5.7948   96.3413
    0.9066    5.9004   95.9772
    0.9622    6.0120   95.5993
    1.0176    6.1297   95.2076
    1.0729    6.2535   94.8021
    1.1280    6.3833   94.3829
    1.1830    6.5204   93.9472
    1.2378    6.6629   93.4992
    1.2924    6.8098   93.0413
    1.3468    6.9611   92.5738
    1.4010    7.1168   92.0965
    1.4549    7.2768   91.6096
    1.5086    7.4412   91.1128
    1.5622    7.6100   90.6064
    1.6154    7.7832   90.0902
    1.6685    7.9608   89.5643
    1.7214    8.1428   89.0287
    1.7740    8.3291   88.4833
    1.8265    8.5203   87.9272
    1.8787    8.7163   87.3603
    1.9307    8.9146   86.7884
    1.9823    9.1153   86.2117
    2.0338    9.3184   85.6301
    2.0849    9.5238   85.0435
    2.1358    9.7316   84.4520
    2.1864    9.9417   83.8557
    2.2368   10.1542   83.2544
    2.2869   10.3690   82.6482
    2.3367   10.5862   82.0372
    2.3862   10.8057   81.4212
    2.4355   11.0276   80.8003
    2.4845   11.2529   80.1721
    2.5333   11.4801   79.5401
    2.5817   11.7077   78.9076
    2.6299   11.9359   78.2744
    2.6777   12.1646   77.6408
    2.7253   12.3939   77.0065
    2.7725   12.6236   76.3717
    2.8195   12.8538   75.7363
    2.8661   13.0846   75.1004
    2.9125   13.3159   74.4639
    2.9586   13.5477   73.8269
    3.0043   13.7800   73.1893
    3.0498   14.0128   72.5511
    3.0949   14.2461   71.9124
    3.1398   14.4813   71.2699
    3.1844   14.7157   70.6300
    3.2286   14.9493   69.9928
    3.2725   15.1820   69.3581
    3.3162   15.4138   68.7261
    3.3595   15.6448   68.0967
    3.4025   15.8750   67.4700
    3.4452   16.1043   66.8459
    3.4876   16.3328   66.2243
    3.5297   16.5604   65.6055
    3.5714   16.7871   64.9892
    3.6129   17.0131   64.3756
    3.6541   17.2381   63.7646
    3.6949   17.4624   63.1562
    3.7354   17.6861   62.5496
    3.7757   17.9092   61.9453
    3.8156   18.1307   61.3453
    3.8552   18.3505   60.7497
    3.8945   18.5688   60.1584
    3.9335   18.7856   59.5714
    3.9722   19.0007   58.9887
    4.0106   19.2142   58.4104
    4.0487   19.4262   57.8364
    4.0865   19.6365   57.2668
    4.1241   19.8453   56.7014
    4.1613   20.0525   56.1404
    4.1982   20.2581   55.5837
    4.2348   20.4622   55.0314
    4.2711   20.6646   54.4834
    4.3070   20.8656   53.9392
    4.3427   21.0652   53.3993
    4.3781   21.2629   52.8642
    4.4133   21.4587   52.3339
    4.4481   21.6528   51.8085
    4.4827   21.8450   51.2879
    4.5170   22.0354   50.7721
    4.5510   22.2240   50.2612
    4.5847   22.4108   49.7551
    4.6182   22.5957   49.2539
    4.6513   22.7788   48.7575
    4.6842   22.9601   48.2659
    4.7168   23.1396   47.7792
    4.7491   23.3172   47.2973
    4.7812   23.4930   46.8202
    4.8129   23.6671   46.3479
    4.8444   23.8394   45.8802
    4.8756   24.0099   45.4172
    4.9066   24.1787   44.9588
    4.9373   24.3457   44.5050
    4.9678   24.5109   44.0559
    4.9980   24.6744   43.6115
    5.0280   24.8361   43.1717
    5.0577   24.9960   42.7366
    5.0871   25.1542   42.3061
    5.1163   25.3106   41.8802
    5.1453   25.4652   41.4590
    5.1740   25.6181   41.0425
    5.2024   25.7692   40.6306
    5.2306   25.9185   40.2233
    5.2585   26.0660   39.8209
    5.2862   26.2119   39.4227
    5.3136   26.3562   39.0287
    5.3409   26.4989   38.6389
    5.3679   26.6401   38.2532
    5.3947   26.7797   37.8716
    5.4212   26.9177   37.4942
    5.4476   27.0541   37.1209
    5.4737   27.1889   36.7518
    5.4995   27.3222   36.3868
    5.5252   27.4538   36.0260
    5.5506   27.5839   35.6693
    5.5759   27.7125   35.3168
    5.6008   27.8394   34.9684
    5.6256   27.9648   34.6242
    5.6501   28.0884   34.2844
    5.6744   28.2107   33.9484
    5.6986   28.3316   33.6158
    5.7225   28.4512   33.2868
    5.7462   28.5695   32.9614
    5.7697   28.6864   32.6394
    5.7931   28.8019   32.3210
    5.8162   28.9161   32.0062
    5.8392   29.0290   31.6948
    5.8619   29.1406   31.3870
    5.8845   29.2508   31.0828
    5.9068   29.3596   30.7820
    5.9290   29.4671   30.4848
    5.9509   29.5733   30.1912
    5.9727   29.6782   29.9011
    5.9943   29.7816   29.6145
    5.9943   29.7816   29.6145
    6.0586   29.8841   29.2394
    6.1229   29.9858   28.8660
    6.1872   30.0867   28.4947
    6.2513   30.1867   28.1257
    6.3154   30.2858   27.7588
    6.3793   30.3841   27.3941
    6.4436   30.4821   27.0295
    6.5077   30.5791   26.6677
    6.5715   30.6751   26.3086
    6.6351   30.7701   25.9522
    6.6985   30.8642   25.5986
    6.7616   30.9573   25.2478
    6.8245   31.0495   24.8997
    6.8871   31.1406   24.5543
    6.9495   31.2309   24.2117
    7.0117   31.3201   23.8719
    7.0737   31.4084   23.5348
    7.1354   31.4957   23.2005
    7.1968   31.5821   22.8689
    7.2581   31.6674   22.5400
    7.3192   31.7520   22.2133
    7.3800   31.8355   21.8896
    7.4405   31.9181   21.5691
    7.5005   31.9996   21.2517
    7.5602   32.0802   20.9374
    7.6194   32.1597   20.6262
    7.6783   32.2383   20.3182
    7.7368   32.3159   20.0134
    7.7949   32.3925   19.7117
    7.8526   32.4680   19.4131
    7.9100   32.5426   19.1177
    7.9669   32.6162   18.8254
    8.0235   32.6888   18.5362
    8.0796   32.7604   18.2502
    8.1354   32.8310   17.9673
    8.1909   32.9007   17.6872
    8.2459   32.9694   17.4104
    8.3004   33.0372   17.1367
    8.3545   33.1041   16.8662
    8.4081   33.1700   16.5989
    8.4611   33.2350   16.3348
    8.5137   33.2991   16.0739
    8.5659   33.3622   15.8161
    8.6175   33.4244   15.5615
    8.6687   33.4857   15.3101
    8.7194   33.5461   15.0619
    8.7696   33.6055   14.8169
    8.8193   33.6640   14.5751
    8.8685   33.7216   14.3364
    8.9173   33.7782   14.1009
    8.9657   33.8340   13.8683
    9.0135   33.8890   13.6387
    9.0608   33.9431   13.4122
    9.1076   33.9965   13.1885
    9.1539   34.0490   12.9679
    9.1996   34.1007   12.7503
    9.2449   34.1516   12.5356
    9.2896   34.2017   12.3239
    9.3338   34.2510   12.1152
    9.3776   34.2995   11.9094
    9.4208   34.3471   11.7067
    9.4634   34.3940   11.5069
    9.5056   34.4400   11.3101
    9.5473   34.4852   11.1164
    9.5885   34.5296   10.9254
    9.6292   34.5734   10.7371
    9.6694   34.6164   10.5514
    9.7091   34.6588   10.3684
    9.7483   34.7005   10.1880
    9.7870   34.7415   10.0103
    9.8252   34.7819    9.8352
    9.8629   34.8215    9.6627
    9.9001   34.8605    9.4929
    9.9368   34.8988    9.3257
    9.9730   34.9364    9.1612
   10.0087   34.9734    8.9993
   10.0439   35.0096    8.8401
   10.0786   35.0452    8.6836
   10.1129   35.0801    8.5296
   10.1467   35.1144    8.3779
   10.1800   35.1482    8.2284
   10.2129   35.1814    8.0812
   10.2453   35.2141    7.9362
   10.2773   35.2462    7.7935
   10.3088   35.2778    7.6531
   10.3398   35.3088    7.5149
   10.3704   35.3392    7.3790
   10.4005   35.3691    7.2453
   10.4302   35.3985    7.1139
   10.4594   35.4273    6.9848
   10.4882   35.4555    6.8579
   10.5165   35.4832    6.7333
   10.5444   35.5104    6.6107
   10.5718   35.5371    6.4902
   10.5989   35.5633    6.3718
   10.6255   35.5890    6.2553
   10.6517   35.6143    6.1408
   10.6775   35.6391    6.0281
   10.7029   35.6635    5.9175
   10.7279   35.6874    5.8087
   10.7525   35.7109    5.7017
   10.7704   35.7279    5.6238
   10.7700   35.7275    5.6259
   10.7699   35.7274    5.6261
   10.7698   35.7273    5.6267
   10.7696   35.7271    5.6276
   10.7693   35.7268    5.6289
   10.7689   35.7264    5.6306
   10.7692   35.7268    5.6292
   10.7695   35.7271    5.6277
   10.7698   35.7273    5.6266
   10.7700   35.7275    5.6258
   10.7701   35.7276    5.6255
   10.7701   35.7276    5.6254
   10.7700   35.7275    5.6258
   10.7698   35.7274    5.6265
   10.7696   35.7271    5.6275
   10.7693   35.7268    5.6290
   10.7690   35.7266    5.6300
   10.7694   35.7270    5.6282
   10.7697   35.7273    5.6269
   10.7700   35.7275    5.6259
   10.7701   35.7276    5.6252
   10.7702   35.7277    5.6249
   10.7702   35.7277    5.6250
   10.7701   35.7276    5.6255
   10.7699   35.7274    5.6263
   10.7696   35.7271    5.6275
   10.7692   35.7268    5.6291
   10.7693   35.7268    5.6289
   10.7696   35.7272    5.6273
   10.7699   35.7275    5.6260
   10.7701   35.7277    5.6251
   10.7702   35.7278    5.6246
   10.7703   35.7278    5.6245
   10.7702   35.7278    5.6247
   10.7701   35.7276    5.6253
   10.7699   35.7274    5.6262
   10.7696   35.7271    5.6275
   10.7692   35.7268    5.6292
   10.7695   35.7271    5.6278
   10.7698   35.7274    5.6263
   10.7701   35.7277    5.6252
   10.7703   35.7278    5.6244
   10.7704   35.7279    5.6241
   10.7704   35.7279    5.6240
   10.7703   35.7278    5.6244
   10.7701   35.7277    5.6251
   10.7692   35.7268    5.6291
         0   10.0000  100.0000
    0.0573   10.0032   99.8706
    0.1146   10.0127   99.7266
    0.1718   10.0286   99.5680
    0.2290   10.0510   99.3943
    0.2860   10.0795   99.2066
    0.3430   10.1141   99.0049
    0.3999   10.1548   98.7892
    0.4567   10.2015   98.5596
    0.5134   10.2544   98.3160
    0.5700   10.3133   98.0585
    0.6266   10.3791   97.7853
    0.6830   10.4506   97.4990
    0.7393   10.5274   97.2007
    0.7954   10.6094   96.8904
    0.8514   10.6968   96.5682
    0.9072   10.7894   96.2339
    0.9629   10.8873   95.8877
    1.0185   10.9906   95.5294
    1.0739   11.0991   95.1592
    1.1291   11.2129   94.7770
    1.1843   11.3319   94.3828
    1.2393   11.4580   93.9725
    1.2941   11.5889   93.5514
    1.3487   11.7234   93.1223
    1.4032   11.8616   92.6853
    1.4574   12.0033   92.2402
    1.5114   12.1487   91.7872
    1.5652   12.2977   91.3262
    1.6188   12.4504   90.8571
    1.6722   12.6066   90.3801
    1.7254   12.7665   89.8951
    1.7784   12.9300   89.4021
    1.8312   13.0972   88.9011
    1.8838   13.2679   88.3922
    1.9361   13.4423   87.8752
    1.9883   13.6203   87.3502
    2.0403   13.8034   86.8139
    2.0920   13.9885   86.2732
    2.1435   14.1753   85.7293
    2.1948   14.3637   85.1822
    2.2457   14.5537   84.6319
    2.2965   14.7453   84.0784
    2.3469   14.9385   83.5216
    2.3971   15.1334   82.9617
    2.4471   15.3298   82.3985
    2.4968   15.5279   81.8321
    2.5463   15.7276   81.2625
    2.5955   15.9289   80.6897
    2.6444   16.1318   80.1136
    2.6931   16.3363   79.5344
    2.7416   16.5424   78.9519
    2.7898   16.7515   78.3632
    2.8377   16.9607   77.7748
    2.8853   17.1698   77.1870
    2.9327   17.3790   76.5997
    2.9798   17.5882   76.0130
    3.0266   17.7974   75.4269
    3.0731   18.0067   74.8413
    3.1194   18.2159   74.2564
    3.1654   18.4251   73.6720
    3.2111   18.6343   73.0882
    3.2565   18.8435   72.5049
    3.3016   19.0528   71.9223
    3.3465   19.2620   71.3402
    3.3911   19.4713   70.7587
    3.4354   19.6805   70.1777
    3.4794   19.8907   69.5954
    3.5232   20.0998   69.0159
    3.5667   20.3079   68.4394
    3.6098   20.5151   67.8658
    3.6528   20.7212   67.2951
    3.6954   20.9263   66.7274
    3.7377   21.1305   66.1625
    3.7798   21.3336   65.6006
    3.8216   21.5357   65.0417
    3.8631   21.7369   64.4856
    3.9043   21.9370   63.9325
    3.9453   22.1361   63.3823
    3.9859   22.3342   62.8350
    4.0263   22.5314   62.2906
    4.0664   22.7276   61.7490
    4.1063   22.9232   61.2094
    4.1458   23.1173   60.6739
    4.1851   23.3099   60.1423
    4.2241   23.5011   59.6147
    4.2628   23.6908   59.0912
    4.3013   23.8790   58.5716
    4.3395   24.0657   58.0560
    4.3774   24.2510   57.5445
    4.4151   24.4348   57.0369
    4.4525   24.6171   56.5334
    4.4896   24.7979   56.0338
    4.5265   24.9773   55.5383
    4.5631   25.1552   55.0467
    4.5994   25.3316   54.5591
    4.6355   25.5066   54.0755
    4.6712   25.6803   53.5954
    4.7068   25.8524   53.1197
    4.7420   26.0229   52.6481
    4.7771   26.1918   52.1807
    4.8119   26.3591   51.7176
    4.8464   26.5248   51.2587
    4.8807   26.6890   50.8041
    4.9147   26.8515   50.3536
    4.9485   27.0125   49.9074
    4.9820   27.1719   49.4654
    5.0153   27.3296   49.0276
    5.0484   27.4858   48.5940
    5.0812   27.6405   48.1647
    5.1137   27.7935   47.7396
    5.1460   27.9449   47.3187
    5.1781   28.0948   46.9018
    5.2099   28.2433   46.4890
    5.2415   28.3902   46.0801
    5.2728   28.5356   45.6752
    5.3040   28.6795   45.2743
    5.3349   28.8219   44.8773
    5.3656   28.9628   44.4843
    5.3961   29.1022   44.0953
    5.4263   29.2400   43.7103
    5.4564   29.3764   43.3293
    5.4862   29.5113   42.9522
    5.5157   29.6447   42.5791
    5.5451   29.7766   42.2099
    5.5742   29.9069   41.8448
    5.6031   30.0357   41.4837
    5.6318   30.1631   41.1265
    5.6603   30.2892   40.7727
    5.6886   30.4139   40.4225
    5.7167   30.5373   40.0759
    5.7445   30.6593   39.7327
    5.7722   30.7800   39.3931
    5.7997   30.8994   39.0570
    5.8270   31.0174   38.7244
    5.8541   31.1342   38.3953
    5.8810   31.2496   38.0698
    5.9076   31.3636   37.7477
    5.9341   31.4763   37.4292
    5.9604   31.5877   37.1143
    5.9865   31.6978   36.8028
    6.0124   31.8065   36.4949
    6.0381   31.9139   36.1903
    6.0636   32.0202   35.8888
    6.0890   32.1253   35.5905
    6.1141   32.2293   35.2953
    6.1391   32.3320   35.0032
    6.1639   32.4336   34.7143
    6.1885   32.5340   34.4284
    6.2129   32.6332   34.1458
    6.2129   32.6332   34.1458
    6.2886   32.7314   33.7561
    6.3645   32.8292   33.3673
    6.4405   32.9263   32.9798
    6.5166   33.0227   32.5938
    6.5928   33.1184   32.2091
    6.6691   33.2134   31.8257
    6.7461   33.3083   31.4412
    6.8229   33.4024   31.0588
    6.8997   33.4957   30.6786
    6.9764   33.5881   30.3004
    7.0531   33.6797   29.9244
    7.1296   33.7704   29.5506
    7.2060   33.8603   29.1789
    7.2824   33.9494   28.8093
    7.3587   34.0376   28.4419
    7.4349   34.1249   28.0765
    7.5110   34.2115   27.7134
    7.5871   34.2972   27.3523
    7.6630   34.3820   26.9934
    7.7389   34.4660   26.6367
    7.8148   34.5493   26.2814
    7.8907   34.6317   25.9284
    7.9662   34.7132   25.5782
    8.0414   34.7938   25.2308
    8.1162   34.8734   24.8863
    8.1908   34.9521   24.5445
    8.2651   35.0299   24.2056
    8.3391   35.1068   23.8694
    8.4127   35.1828   23.5361
    8.4861   35.2578   23.2055
    8.5591   35.3319   22.8778
    8.6318   35.4051   22.5529
    8.7043   35.4773   22.2307
    8.7764   35.5486   21.9114
    8.8482   35.6190   21.5949
    8.9199   35.6886   21.2806
    8.9911   35.7572   20.9694
    9.0619   35.8250   20.6614
    9.1321   35.8918   20.3564
    9.2019   35.9578   20.0545
    9.2712   36.0228   19.7558
    9.3401   36.0870   19.4601
    9.4084   36.1502   19.1675
    9.4763   36.2126   18.8780
    9.5437   36.2741   18.5916
    9.6107   36.3347   18.3083
    9.6771   36.3944   18.0282
    9.7431   36.4531   17.7511
    9.8086   36.5110   17.4770
    9.8737   36.5680   17.2060
    9.9384   36.6242   16.9379
   10.0024   36.6795   16.6729
   10.0659   36.7340   16.4110
   10.1289   36.7878   16.1521
   10.1912   36.8407   15.8964
   10.2530   36.8928   15.6437
   10.3142   36.9442   15.3940
   10.3748   36.9947   15.1475
   10.4349   37.0445   14.9040
   10.4944   37.0934   14.6637
   10.5533   37.1415   14.4264
   10.6116   37.1889   14.1921
   10.6694   37.2354   13.9610
   10.7266   37.2812   13.7329
   10.7833   37.3261   13.5079
   10.8394   37.3703   13.2857
   10.8949   37.4138   13.0664
   10.9498   37.4567   12.8499
   11.0041   37.4989   12.6363
   11.0577   37.5404   12.4255
   11.1108   37.5812   12.2176
   11.1633   37.6214   12.0125
   11.2152   37.6609   11.8103
   11.2664   37.6997   11.6109
   11.3171   37.7378   11.4145
   11.3672   37.7753   11.2208
   11.4166   37.8121   11.0300
   11.4655   37.8482   10.8421
   11.5138   37.8836   10.6571
   11.5615   37.9183   10.4747
   11.6086   37.9526   10.2949
   11.6552   37.9862   10.1175
   11.7011   38.0193    9.9427
   11.7465   38.0519    9.7704
   11.7913   38.0839    9.6007
   11.8355   38.1154    9.4334
   11.8791   38.1463    9.2687
   11.9222   38.1767    9.1065
   11.9647   38.2065    8.9468
   12.0066   38.2357    8.7896
   12.0479   38.2644    8.6350
   12.0886   38.2926    8.4829
   12.1287   38.3201    8.3334
   12.1683   38.3472    8.1863
   12.2074   38.3738    8.0413
   12.2459   38.4000    7.8984
   12.2839   38.4257    7.7577
   12.3214   38.4510    7.6192
   12.3584   38.4758    7.4828
   12.3948   38.5002    7.3486
   12.4307   38.5242    7.2165
   12.4660   38.5477    7.0866
   12.5009   38.5708    6.9588
   12.5352   38.5934    6.8332
   12.5690   38.6156    6.7097
   12.6022   38.6373    6.5884
   12.6325   38.6571    6.4780
   12.6325   38.6571    6.4780
   12.6325   38.6571    6.4780
   12.6325   38.6571    6.4780
   12.6325   38.6571    6.4780
   12.6325   38.6571    6.4780
   12.6325   38.6571    6.4780
   12.6325   38.6571    6.4780
   12.6325   38.6571    6.4780
   12.6325   38.6571    6.4780
   12.6325   38.6571    6.4780
   12.6325   38.6571    6.4780
   12.6325   38.6571    6.4780
   12.6325   38.6571    6.4780
   12.6325   38.6571    6.4780
   12.6325   38.6571    6.4780
   12.6325   38.6571    6.4780
   12.6325   38.6571    6.4780
   12.6325   38.6571    6.4780
   12.6325   38.6571    6.4780
   12.6325   38.6571    6.4780
   12.6325   38.6571    6.4780
   12.6325   38.6571    6.4780
   12.6325   38.6571    6.4780
   12.6325   38.6571    6.4780
   12.6325   38.6571    6.4780
   12.6325   38.6571    6.4780
   12.6325   38.6571    6.4780
   12.6325   38.6571    6.4780
   12.6325   38.6571    6.4780
   12.6325   38.6571    6.4780
   12.6325   38.6571    6.4780
   12.6325   38.6571    6.4780
   12.6325   38.6571    6.4780
   12.6325   38.6571    6.4780
   12.6325   38.6571    6.4780
   12.6325   38.6571    6.4780
   12.6325   38.6571    6.4780
   12.6325   38.6571    6.4780
   12.6325   38.6571    6.4780
   12.6325   38.6571    6.4780
   12.6325   38.6571    6.4780
   12.6325   38.6571    6.4780
         0   15.0000  100.0000
    0.0573   15.0027   99.8717
    0.1146   15.0109   99.7308
    0.1718   15.0245   99.5775
    0.2290   15.0437   99.4111
    0.2861   15.0682   99.2328
    0.3431   15.0978   99.0425
    0.4000   15.1327   98.8403
    0.4568   15.1728   98.6261
    0.5135   15.2182   98.4000
    0.5702   15.2687   98.1620
    0.6267   15.3248   97.9111
    0.6832   15.3865   97.6475
    0.7396   15.4527   97.3737
    0.7958   15.5233   97.0898
    0.8519   15.5985   96.7956
    0.9078   15.6782   96.4913
    0.9636   15.7624   96.1767
    1.0193   15.8511   95.8520
    1.0749   15.9443   95.5171
    1.1303   16.0420   95.1720
    1.1855   16.1442   94.8167
    1.2407   16.2509   94.4512
    1.2957   16.3633   94.0727
    1.3506   16.4801   93.6843
    1.4053   16.5999   93.2892
    1.4598   16.7229   92.8872
    1.5141   16.8490   92.4785
    1.5683   16.9781   92.0631
    1.6222   17.1103   91.6408
    1.6760   17.2456   91.2118
    1.7295   17.3840   90.7760
    1.7829   17.5254   90.3335
    1.8361   17.6699   89.8842
    1.8891   17.8176   89.4281
    1.9419   17.9683   88.9653
    1.9946   18.1220   88.4957
    2.0470   18.2789   88.0193
    2.0993   18.4399   87.5337
    2.1514   18.6031   87.0433
    2.2032   18.7678   86.5501
    2.2548   18.9339   86.0541
    2.3062   19.1014   85.5553
    2.3573   19.2703   85.0536
    2.4082   19.4406   84.5492
    2.4589   19.6123   84.0420
    2.5094   19.7854   83.5320
    2.5596   19.9600   83.0192
    2.6096   20.1360   82.5035
    2.6594   20.3133   81.9851
    2.7089   20.4921   81.4639
    2.7583   20.6723   80.9399
    2.8074   20.8540   80.4130
    2.8562   21.0379   79.8812
    2.9049   21.2225   79.3485
    2.9532   21.4071   78.8163
    3.0014   21.5918   78.2844
    3.0492   21.7765   77.7529
    3.0969   21.9613   77.2217
    3.1443   22.1462   76.6910
    3.1914   22.3311   76.1606
    3.2383   22.5161   75.6306
    3.2849   22.7012   75.1010
    3.3313   22.8863   74.5718
    3.3774   23.0715   74.0430
    3.4233   23.2568   73.5145
    3.4690   23.4421   72.9864
    3.5144   23.6275   72.4587
    3.5595   23.8136   71.9297
    3.6044   23.9992   71.4026
    3.6491   24.1840   70.8780
    3.6934   24.3679   70.3557
    3.7376   24.5511   69.8359
    3.7815   24.7334   69.3185
    3.8251   24.9150   68.8034
    3.8685   25.0957   68.2908
    3.9116   25.2756   67.7806
    3.9545   25.4548   67.2727
    3.9971   25.6331   66.7673
    4.0395   25.8106   66.2643
    4.0816   25.9873   65.7637
    4.1235   26.1633   65.2655
    4.1651   26.3384   64.7697
    4.2065   26.5131   64.2753
    4.2476   26.6867   63.7841
    4.2885   26.8590   63.2964
    4.3291   27.0301   62.8121
    4.3695   27.2000   62.3311
    4.4097   27.3686   61.8536
    4.4496   27.5360   61.3794
    4.4893   27.7021   60.9086
    4.5287   27.8670   60.4412
    4.5679   28.0307   59.9772
    4.6068   28.1931   59.5166
    4.6455   28.3543   59.0594
    4.6840   28.5143   58.6055
    4.7222   28.6730   58.1551
    4.7602   28.8305   57.7080
    4.7979   28.9869   57.2639
    4.8354   29.1420   56.8234
    4.8727   29.2958   56.3866
    4.9098   29.4481   55.9534
    4.9466   29.5991   55.5239
    4.9832   29.7488   55.0980
    5.0196   29.8970   54.6758
    5.0557   30.0439   54.2572
    5.0917   30.1895   53.8423
    5.1274   30.3337   53.4311
    5.1628   30.4765   53.0235
    5.1981   30.6179   52.6195
    5.2331   30.7580   52.2192
    5.2679   30.8967   51.8225
    5.3025   31.0341   51.4295
    5.3369   31.1701   51.0401
    5.3710   31.3048   50.6541
    5.4050   31.4383   50.2716
    5.4387   31.5704   49.8926
    5.4722   31.7011   49.5171
    5.5056   31.8306   49.1451
    5.5387   31.9588   48.7766
    5.5716   32.0856   48.4116
    5.6043   32.2111   48.0501
    5.6369   32.3353   47.6920
    5.6692   32.4582   47.3375
    5.7013   32.5798   46.9865
    5.7332   32.7000   46.6390
    5.7649   32.8189   46.2949
    5.7964   32.9365   45.9544
    5.8277   33.0528   45.6174
    5.8588   33.1679   45.2835
    5.8897   33.2819   44.9528
    5.9204   33.3946   44.6252
    5.9510   33.5062   44.3007
    5.9814   33.6166   43.9794
    6.0115   33.7257   43.6612
    6.0416   33.8338   43.3462
    6.0714   33.9406   43.0343
    6.1010   34.0462   42.7256
    6.1305   34.1507   42.4200
    6.1598   34.2539   42.1175
    6.1889   34.3560   41.8182
    6.2178   34.4569   41.5220
    6.2465   34.5566   41.2290
    6.2751   34.6552   40.9390
    6.3035   34.7527   40.6519
    6.3317   34.8491   40.3676
    6.3597   34.9445   40.0861
    6.3876   35.0388   39.8075
    6.4154   35.1320   39.5317
    6.4429   35.2242   39.2587
    6.4429   35.2242   39.2587
    6.5316   35.3156   38.8574
    6.6208   35.4066   38.4560
    6.7104   35.4971   38.0549
    6.8003   35.5871   37.6543
    6.8906   35.6766   37.2541
    6.9812   35.7655   36.8544
    7.0729   35.8546   36.4521
    7.1648   35.9430   36.0512
    7.2568   36.0306   35.6516
    7.3489   36.1176   35.2533
    7.4413   36.2038   34.8563
    7.5337   36.2893   34.4607
    7.6264   36.3741   34.0664
    7.7192   36.4582   33.6734
    7.8121   36.5416   33.2818
    7.9052   36.6242   32.8915
    7.9985   36.7062   32.5025
    8.0919   36.7874   32.1148
    8.1855   36.8679   31.7285
    8.2792   36.9477   31.3435
    8.3734   37.0269   30.9588
    8.4676   37.1054   30.5761
    8.5616   37.1829   30.1956
    8.6554   37.2597   29.8175
    8.7492   37.3356   29.4415
    8.8427   37.4106   29.0679
    8.9362   37.4848   28.6965
    9.0295   37.5582   28.3274
    9.1226   37.6307   27.9606
    9.2157   37.7023   27.5961
    9.3085   37.7731   27.2338
    9.4013   37.8431   26.8738
    9.4939   37.9122   26.5161
    9.5863   37.9805   26.1606
    9.6788   38.0479   25.8071
    9.7712   38.1145   25.4556
    9.8631   38.1803   25.1069
    9.9547   38.2452   24.7611
   10.0458   38.3093   24.4182
   10.1366   38.3725   24.0782
   10.2269   38.4349   23.7410
   10.3168   38.4964   23.4066
   10.4063   38.5570   23.0752
   10.4954   38.6168   22.7466
   10.5841   38.6757   22.4209
   10.6724   38.7338   22.0980
   10.7602   38.7910   21.7780
   10.8477   38.8473   21.4609
   10.9348   38.9028   21.1466
   11.0216   38.9575   20.8347
   11.1079   39.0113   20.5259
   11.1936   39.0644   20.2202
   11.2787   39.1167   19.9176
   11.3631   39.1682   19.6181
   11.4470   39.2189   19.3217
   11.5303   39.2688   19.0284
   11.6129   39.3180   18.7383
   11.6949   39.3663   18.4512
   11.7764   39.4139   18.1673
   11.8572   39.4607   17.8865
   11.9374   39.5068   17.6088
   12.0170   39.5520   17.3342
   12.0960   39.5965   17.0627
   12.1745   39.6401   16.7942
   12.2524   39.6830   16.5287
   12.3296   39.7253   16.2662
   12.4061   39.7668   16.0068
   12.4818   39.8077   15.7505
   12.5568   39.8480   15.4973
   12.6312   39.8876   15.2472
   12.7047   39.9265   15.0001
   12.7776   39.9647   14.7561
   12.8498   40.0023   14.5152
   12.9212   40.0392   14.2774
   12.9919   40.0754   14.0426
   13.0619   40.1110   13.8110
   13.1312   40.1459   13.5824
   13.1998   40.1801   13.3569
   13.2677   40.2137   13.1344
   13.3349   40.2466   12.9147
   13.4014   40.2791   12.6979
   13.4671   40.3110   12.4839
   13.5320   40.3423   12.2728
   13.5962   40.3731   12.0646
   13.6597   40.4034   11.8592
   13.7224   40.4331   11.6567
   13.7843   40.4623   11.4570
   13.8455   40.4909   11.2602
   13.9060   40.5190   11.0662
   13.9657   40.5466   10.8751
   14.0247   40.5736   10.6868
   14.0829   40.6000   10.5014
   14.1404   40.6259   10.3189
   14.1972   40.6513   10.1390
   14.2533   40.6763    9.9616
   14.3086   40.7009    9.7867
   14.3633   40.7250    9.6143
   14.4172   40.7487    9.4445
   14.4704   40.7719    9.2772
   14.5229   40.7948    9.1124
   14.5746   40.8172    8.9502
   14.6257   40.8391    8.7904
   14.6761   40.8607    8.6333
   14.7257   40.8818    8.4786
   14.7746   40.9025    8.3265
   14.8228   40.9227    8.1768
   14.8702   40.9425    8.0298
   14.9170   40.9620    7.8850
   14.9631   40.9811    7.7426
   15.0085   40.9998    7.6024
   15.0535   41.0183    7.4636
   15.0565   41.0195    7.4544
   15.0569   41.0196    7.4532
   15.0569   41.0196    7.4532
   15.0569   41.0196    7.4532
   15.0569   41.0196    7.4532
   15.0569   41.0196    7.4532
   15.0569   41.0196    7.4532
   15.0569   41.0196    7.4532
   15.0569   41.0196    7.4532
   15.0569   41.0196    7.4532
   15.0569   41.0196    7.4532
   15.0569   41.0196    7.4532
   15.0569   41.0196    7.4532
   15.0569   41.0196    7.4532
   15.0569   41.0196    7.4532
   15.0569   41.0196    7.4532
   15.0569   41.0196    7.4532
   15.0569   41.0196    7.4532
   15.0569   41.0196    7.4532
   15.0569   41.0196    7.4532
   15.0569   41.0196    7.4532
   15.0569   41.0196    7.4532
   15.0569   41.0196    7.4532
   15.0569   41.0196    7.4532
   15.0569   41.0196    7.4532
   15.0569   41.0196    7.4532
   15.0569   41.0196    7.4532
   15.0569   41.0196    7.4532
   15.0569   41.0196    7.4532
   15.0569   41.0196    7.4532
   15.0569   41.0196    7.4532
   15.0569   41.0196    7.4532
   15.0569   41.0196    7.4532
   15.0569   41.0196    7.4532
   15.0569   41.0196    7.4532
   15.0569   41.0196    7.4532
   15.0569   41.0196    7.4532
   15.0569   41.0196    7.4532
         0   20.0000  100.0000
    0.0573   20.0023   99.8727
    0.1146   20.0091   99.7350
    0.1718   20.0204   99.5869
    0.2290   20.0365   99.4280
    0.2861   20.0569   99.2591
    0.3431   20.0816   99.0802
    0.4000   20.1107   98.8914
    0.4569   20.1441   98.6927
    0.5136   20.1819   98.4841
    0.5703   20.2241   98.2655
    0.6269   20.2705   98.0370
    0.6835   20.3221   97.7967
    0.7399   20.3777   97.5475
    0.7962   20.4369   97.2898
    0.8524   20.4999   97.0238
    0.9084   20.5666   96.7494
    0.9644   20.6371   96.4666
    1.0202   20.7112   96.1755
    1.0759   20.7891   95.8759
    1.1314   20.8706   95.5680
    1.1869   20.9559   95.2516
    1.2422   21.0450   94.9269
    1.2974   21.1377   94.5938
    1.3524   21.2344   94.2518
    1.4074   21.3358   93.8990
    1.4622   21.4397   93.5407
    1.5168   21.5462   93.1769
    1.5713   21.6552   92.8075
    1.6256   21.7668   92.4326
    1.6797   21.8808   92.0522
    1.7337   21.9974   91.6662
    1.7874   22.1166   91.2747
    1.8411   22.2382   90.8777
    1.8945   22.3624   90.4752
    1.9478   22.4891   90.0671
    2.0009   22.6184   89.6535
    2.0538   22.7502   89.2343
    2.1066   22.8845   88.8097
    2.1592   23.0217   88.3787
    2.2116   23.1619   87.9412
    2.2639   23.3032   87.5013
    2.3159   23.4458   87.0592
    2.3677   23.5895   86.6146
    2.4194   23.7344   86.1678
    2.4708   23.8805   85.7186
    2.5220   24.0278   85.2671
    2.5730   24.1763   84.8132
    2.6239   24.3259   84.3570
    2.6745   24.4768   83.8985
    2.7249   24.6288   83.4376
    2.7751   24.7821   82.9744
    2.8251   24.9365   82.5089
    2.8749   25.0921   82.0410
    2.9245   25.2494   81.5698
    2.9739   25.4079   81.0959
    3.0231   25.5666   80.6223
    3.0721   25.7253   80.1490
    3.1208   25.8841   79.6759
    3.1694   26.0431   79.2030
    3.2177   26.2021   78.7305
    3.2658   26.3612   78.2581
    3.3136   26.5204   77.7860
    3.3613   26.6797   77.3142
    3.4087   26.8390   76.8426
    3.4560   26.9985   76.3713
    3.5030   27.1581   75.9002
    3.5497   27.3177   75.4294
    3.5963   27.4775   74.9589
    3.6426   27.6377   74.4877
    3.6888   27.7979   74.0168
    3.7347   27.9576   73.5479
    3.7803   28.1166   73.0810
    3.8258   28.2749   72.6159
    3.8710   28.4327   72.1529
    3.9161   28.5898   71.6918
    3.9608   28.7462   71.2326
    4.0054   28.9021   70.7754
    4.0498   29.0572   70.3201
    4.0939   29.2118   69.8668
    4.1378   29.3657   69.4154
    4.1815   29.5190   68.9660
    4.2250   29.6716   68.5186
    4.2682   29.8236   68.0730
    4.3113   29.9752   67.6289
    4.3541   30.1262   67.1868
    4.3967   30.2761   66.7475
    4.4390   30.4250   66.3111
    4.4812   30.5728   65.8775
    4.5232   30.7197   65.4467
    4.5649   30.8655   65.0188
    4.6064   31.0103   64.5936
    4.6478   31.1541   64.1713
    4.6889   31.2969   63.7518
    4.7298   31.4387   63.3352
    4.7704   31.5794   62.9214
    4.8109   31.7191   62.5104
    4.8511   31.8578   62.1022
    4.8912   31.9955   61.6968
    4.9310   32.1322   61.2940
    4.9706   32.2680   60.8940
    5.0100   32.4026   60.4971
    5.0493   32.5360   60.1033
    5.0883   32.6683   59.7127
    5.1271   32.7995   59.3251
    5.1657   32.9294   58.9406
    5.2041   33.0583   58.5593
    5.2424   33.1860   58.1810
    5.2804   33.3125   57.8059
    5.3182   33.4378   57.4338
    5.3559   33.5621   57.0649
    5.3933   33.6851   56.6991
    5.4305   33.8070   56.3363
    5.4676   33.9278   55.9767
    5.5044   34.0474   55.6201
    5.5410   34.1659   55.2665
    5.5775   34.2833   54.9159
    5.6138   34.3996   54.5683
    5.6499   34.5147   54.2238
    5.6858   34.6287   53.8823
    5.7215   34.7416   53.5438
    5.7571   34.8533   53.2083
    5.7925   34.9639   52.8759
    5.8277   35.0733   52.5465
    5.8627   35.1816   52.2201
    5.8975   35.2888   51.8967
    5.9322   35.3949   51.5763
    5.9667   35.4998   51.2590
    6.0010   35.6035   50.9447
    6.0351   35.7062   50.6335
    6.0690   35.8077   50.3250
    6.1028   35.9083   50.0194
    6.1364   36.0078   49.7165
    6.1698   36.1062   49.4163
    6.2031   36.2037   49.1189
    6.2362   36.3001   48.8243
    6.2692   36.3954   48.5324
    6.3020   36.4897   48.2433
    6.3346   36.5830   47.9569
    6.3671   36.6752   47.6733
    6.3994   36.7664   47.3925
    6.4316   36.8566   47.1144
    6.4636   36.9457   46.8390
    6.4954   37.0338   46.5665
    6.5271   37.1208   46.2967
    6.5586   37.2069   46.0295
    6.5899   37.2920   45.7648
    6.6212   37.3762   45.5026
    6.6522   37.4594   45.2430
    6.6831   37.5417   44.9859
    6.6831   37.5417   44.9859
    6.7866   37.6234   44.5759
    6.8909   37.7048   44.1646
    6.9959   37.7858   43.7527
    7.1017   37.8665   43.3401
    7.2081   37.9468   42.9269
    7.3154   38.0267   42.5129
    7.4240   38.1068   42.0954
    7.5331   38.1864   41.6782
    7.6427   38.2654   41.2612
    7.7529   38.3438   40.8445
    7.8636   38.4216   40.4281
    7.9748   38.4988   40.0119
    8.0865   38.5754   39.5960
    8.1988   38.6514   39.1803
    8.3115   38.7269   38.7650
    8.4248   38.8017   38.3499
    8.5386   38.8760   37.9350
    8.6530   38.9497   37.5204
    8.7678   39.0227   37.1061
    8.8835   39.0954   36.6910
    8.9996   39.1674   36.2766
    9.1158   39.2386   35.8637
    9.2322   39.3091   35.4521
    9.3487   39.3788   35.0420
    9.4655   39.4478   34.6333
    9.5823   39.5160   34.2261
    9.6994   39.5834   33.8202
    9.8166   39.6500   33.4158
    9.9340   39.7159   33.0128
   10.0516   39.7810   32.6113
   10.1693   39.8454   32.2111
   10.2872   39.9090   31.8124
   10.4052   39.9718   31.4151
   10.5238   40.0340   31.0183
   10.6423   40.0954   30.6234
   10.7606   40.1559   30.2309
   10.8786   40.2157   29.8407
   10.9965   40.2746   29.4529
   11.1141   40.3328   29.0674
   11.2315   40.3901   28.6844
   11.3487   40.4466   28.3036
   11.4657   40.5022   27.9253
   11.5824   40.5571   27.5492
   11.6990   40.6112   27.1756
   11.8153   40.6644   26.8043
   11.9314   40.7168   26.4354
   12.0472   40.7685   26.0688
   12.1631   40.8193   25.7041
   12.2787   40.8693   25.3418
   12.3938   40.9186   24.9824
   12.5082   40.9671   24.6260
   12.6221   41.0149   24.2726
   12.7354   41.0619   23.9222
   12.8482   41.1081   23.5748
   12.9604   41.1536   23.2303
   13.0720   41.1983   22.8888
   13.1831   41.2423   22.5503
   13.2936   41.2855   22.2148
   13.4035   41.3279   21.8822
   13.5128   41.3695   21.5526
   13.6216   41.4105   21.2260
   13.7300   41.4506   20.9021
   13.8379   41.4900   20.5811
   13.9449   41.5287   20.2632
   14.0511   41.5668   19.9487
   14.1565   41.6043   19.6374
   14.2610   41.6411   19.3294
   14.3648   41.6772   19.0246
   14.4677   41.7127   18.7231
   14.5698   41.7475   18.4249
   14.6711   41.7817   18.1299
   14.7715   41.8152   17.8382
   14.8712   41.8481   17.5497
   14.9700   41.8803   17.2646
   15.0680   41.9118   16.9826
   15.1653   41.9427   16.7039
   15.2618   41.9729   16.4282
   15.3574   42.0027   16.1558
   15.4520   42.0318   15.8866
   15.5456   42.0605   15.6208
   15.6383   42.0886   15.3582
   15.7300   42.1162   15.0988
   15.8208   42.1433   14.8427
   15.9106   42.1698   14.5899
   15.9995   42.1958   14.3404
   16.0874   42.2213   14.0941
   16.1743   42.2462   13.8511
   16.2603   42.2706   13.6114
   16.3454   42.2945   13.3749
   16.4295   42.3179   13.1417
   16.5127   42.3407   12.9116
   16.5949   42.3631   12.6845
   16.6762   42.3851   12.4605
   16.7564   42.4066   12.2396
   16.8357   42.4278   12.0218
   16.9140   42.4485   11.8070
   16.9912   42.4689   11.5952
   17.0676   42.4888   11.3866
   17.1429   42.5083   11.1810
   17.2172   42.5274   10.9784
   17.2905   42.5460   10.7790
   17.3629   42.5643   10.5826
   17.4343   42.5821   10.3892
   17.5046   42.5996   10.1990
   17.5739   42.6167   10.0118
   17.6423   42.6334    9.8274
   17.7097   42.6498    9.6459
   17.7762   42.6658    9.4672
   17.8417   42.6815    9.2912
   17.9063   42.6969    9.1181
   17.9700   42.7119    8.9477
   18.0327   42.7266    8.7800
   18.0945   42.7410    8.6150
   18.1227   42.7476    8.5396
   18.1227   42.7476    8.5396
   18.1227   42.7476    8.5396
   18.1227   42.7476    8.5396
   18.1227   42.7476    8.5396
   18.1227   42.7476    8.5396
   18.1227   42.7476    8.5396
   18.1227   42.7476    8.5396
   18.1227   42.7476    8.5396
   18.1227   42.7476    8.5396
   18.1227   42.7476    8.5396
   18.1227   42.7476    8.5396
   18.1227   42.7476    8.5396
   18.1227   42.7476    8.5396
   18.1227   42.7476    8.5396
   18.1227   42.7476    8.5396
   18.1227   42.7476    8.5396
   18.1227   42.7476    8.5396
   18.1227   42.7476    8.5396
   18.1227   42.7476    8.5396
   18.1227   42.7476    8.5396
   18.1227   42.7476    8.5396
   18.1227   42.7476    8.5396
   18.1227   42.7476    8.5396
   18.1227   42.7476    8.5396
   18.1227   42.7476    8.5396
   18.1227   42.7476    8.5396
   18.1227   42.7476    8.5396
   18.1227   42.7476    8.5396
   18.1227   42.7476    8.5396
   18.1227   42.7476    8.5396
   18.1227   42.7476    8.5396
   18.1227   42.7476    8.5396
   18.1227   42.7476    8.5396
   18.1227   42.7476    8.5396
   18.1227   42.7476    8.5396 